projectName,trainApproach,train_info,testReleaseDate,train_changes,test_changes,train_Bug_Per,test_Bug_Per,features_selected,classifier,featureSelector,recall,pf,gm,d2h,ifa,auc,brier
predis,RESAMPLE_150_25_25,50,1290975819,50,47,50.0,27.659574468085108,$lt$ld$nf$la$age$exp$entropy$nuc$Buggy,KNN,CFS,0.69,0.44,0.66,0.3803361897149085,7,0.6255656108597285,0.40425531914893614
predis,RESAMPLE_150_25_25,50,1290975819,50,47,50.0,27.659574468085108,$lt$ld$nf$la$age$exp$entropy$nuc$Buggy,DT,CFS,0.62,0.53,0.58,0.4627125515327182,8,0.5429864253393665,0.4893617021276596
predis,RESAMPLE_150_25_25,50,1290975819,50,47,50.0,27.659574468085108,$lt$ld$nf$la$age$exp$entropy$nuc$Buggy,LR,CFS,0.77,0.26,0.76,0.24831798366416355,6,0.7522624434389141,0.2553191489361702
predis,RESAMPLE_150_25_25,50,1290975819,50,47,50.0,27.659574468085108,$lt$ld$nf$la$age$exp$entropy$nuc$Buggy,RF,CFS,0.85,0.47,0.76,0.3500870793463294,7,0.6877828054298643,0.3829787234042553
predis,RESAMPLE_150_25_25,50,1290975819,50,47,50.0,27.659574468085108,$lt$ld$nf$la$age$exp$entropy$nuc$Buggy,NB,CFS,0.62,0.09,0.66,0.2790290855904344,2,0.7635746606334842,0.1702127659574468
predis,RESAMPLE_150_25_25,50,1290975819,50,47,50.0,27.659574468085108,$lt$ld$nf$la$age$exp$entropy$nuc$Buggy,SVM,CFS,0.85,0.44,0.77,0.3303825943160039,6,0.7024886877828055,0.3617021276595745
predis,RESAMPLE_300_25_25,50,1290975819,50,47,50.0,27.659574468085108,$ld$sexp$age$entropy$la$exp$nuc$lt$Buggy,KNN,CFS,0.23,0.29,0.27,0.5823320215490384,5,0.4683257918552036,0.425531914893617
predis,RESAMPLE_300_25_25,50,1290975819,50,47,50.0,27.659574468085108,$ld$sexp$age$entropy$la$exp$nuc$lt$Buggy,DT,CFS,0.46,0.32,0.49,0.4441914613537632,4,0.5690045248868779,0.3829787234042553
predis,RESAMPLE_300_25_25,50,1290975819,50,47,50.0,27.659574468085108,$ld$sexp$age$entropy$la$exp$nuc$lt$Buggy,LR,CFS,0.69,0.59,0.61,0.4694120351347484,12,0.5520361990950227,0.5106382978723404
predis,RESAMPLE_300_25_25,50,1290975819,50,47,50.0,27.659574468085108,$ld$sexp$age$entropy$la$exp$nuc$lt$Buggy,RF,CFS,0.77,0.24,0.77,0.2330426566844903,4,0.7669683257918551,0.23404255319148934
predis,RESAMPLE_300_25_25,50,1290975819,50,47,50.0,27.659574468085108,$ld$sexp$age$entropy$la$exp$nuc$lt$Buggy,NB,CFS,0.92,0.88,0.39,0.626284229629839,14,0.5203619909502263,0.6595744680851063
predis,RESAMPLE_300_25_25,50,1290975819,50,47,50.0,27.659574468085108,$ld$sexp$age$entropy$la$exp$nuc$lt$Buggy,SVM,CFS,0.46,0.59,0.45,0.5638978585027795,13,0.4366515837104073,0.5744680851063829
predis,RESAMPLE_25_25,50,1290975819,50,47,50.0,27.659574468085108,$nuc$la$nf$lt$exp$ndev$sexp$entropy$ld$age$Buggy,KNN,CFS,0.69,0.35,0.68,0.33109064488555146,6,0.669683257918552,0.3404255319148936
predis,RESAMPLE_25_25,50,1290975819,50,47,50.0,27.659574468085108,$nuc$la$nf$lt$exp$ndev$sexp$entropy$ld$age$Buggy,DT,CFS,0.69,0.29,0.69,0.3009815164793649,5,0.6990950226244343,0.2978723404255319
predis,RESAMPLE_25_25,50,1290975819,50,47,50.0,27.659574468085108,$nuc$la$nf$lt$exp$ndev$sexp$entropy$ld$age$Buggy,LR,CFS,0.77,0.32,0.75,0.2810033079401727,4,0.7228506787330317,0.2978723404255319
predis,RESAMPLE_25_25,50,1290975819,50,47,50.0,27.659574468085108,$nuc$la$nf$lt$exp$ndev$sexp$entropy$ld$age$Buggy,RF,CFS,0.85,0.24,0.83,0.19878626820351847,3,0.8054298642533937,0.2127659574468085
predis,RESAMPLE_25_25,50,1290975819,50,47,50.0,27.659574468085108,$nuc$la$nf$lt$exp$ndev$sexp$entropy$ld$age$Buggy,NB,CFS,0.62,0.09,0.66,0.2790290855904344,2,0.7635746606334842,0.1702127659574468
predis,RESAMPLE_25_25,50,1290975819,50,47,50.0,27.659574468085108,$nuc$la$nf$lt$exp$ndev$sexp$entropy$ld$age$Buggy,SVM,CFS,0.77,0.32,0.75,0.2810033079401727,4,0.7228506787330317,0.2978723404255319
predis,RESAMPLE_150_25_25,50,1293907786,50,24,50.0,58.33333333333334,$age$la$nf$ld$exp$sexp$entropy$lt$Buggy,KNN,CFS,0.64,0.4,0.63,0.3791774125710571,1,0.6214285714285714,0.375
predis,RESAMPLE_150_25_25,50,1293907786,50,24,50.0,58.33333333333334,$age$la$nf$ld$exp$sexp$entropy$lt$Buggy,DT,CFS,0.86,0.9,0.34,0.6443633149339377,1,0.4785714285714285,0.4583333333333333
predis,RESAMPLE_150_25_25,50,1293907786,50,24,50.0,58.33333333333334,$age$la$nf$ld$exp$sexp$entropy$lt$Buggy,LR,CFS,0.79,0.3,0.77,0.2606898227270665,1,0.7428571428571428,0.25
predis,RESAMPLE_150_25_25,50,1293907786,50,24,50.0,58.33333333333334,$age$la$nf$ld$exp$sexp$entropy$lt$Buggy,RF,CFS,0.79,0.4,0.74,0.32087253493165996,0,0.6928571428571428,0.2916666666666667
predis,RESAMPLE_150_25_25,50,1293907786,50,24,50.0,58.33333333333334,$age$la$nf$ld$exp$sexp$entropy$lt$Buggy,NB,CFS,0.79,0.1,0.81,0.16720999872456607,0,0.8428571428571427,0.16666666666666666
predis,RESAMPLE_150_25_25,50,1293907786,50,24,50.0,58.33333333333334,$age$la$nf$ld$exp$sexp$entropy$lt$Buggy,SVM,CFS,0.79,0.3,0.77,0.2606898227270665,1,0.7428571428571428,0.25
predis,RESAMPLE_300_25_25,50,1293907786,50,24,50.0,58.33333333333334,$la$exp$ndev$nuc$entropy$lt$nf$ld$sexp$Buggy,KNN,CFS,0.79,0.4,0.74,0.32087253493165996,0,0.6928571428571428,0.2916666666666667
predis,RESAMPLE_300_25_25,50,1293907786,50,24,50.0,58.33333333333334,$la$exp$ndev$nuc$entropy$lt$nf$ld$sexp$Buggy,DT,CFS,0.29,0.4,0.32,0.5788799882672803,1,0.4428571428571429,0.5833333333333334
predis,RESAMPLE_300_25_25,50,1293907786,50,24,50.0,58.33333333333334,$la$exp$ndev$nuc$entropy$lt$nf$ld$sexp$Buggy,LR,CFS,0.79,0.5,0.71,0.384654629081036,1,0.6428571428571428,0.3333333333333333
predis,RESAMPLE_300_25_25,50,1293907786,50,24,50.0,58.33333333333334,$la$exp$ndev$nuc$entropy$lt$nf$ld$sexp$Buggy,RF,CFS,0.43,0.3,0.47,0.4563609384275225,1,0.5642857142857143,0.4583333333333333
predis,RESAMPLE_300_25_25,50,1293907786,50,24,50.0,58.33333333333334,$la$exp$ndev$nuc$entropy$lt$nf$ld$sexp$Buggy,NB,CFS,0.79,0.1,0.81,0.16720999872456607,0,0.8428571428571427,0.16666666666666666
predis,RESAMPLE_300_25_25,50,1293907786,50,24,50.0,58.33333333333334,$la$exp$ndev$nuc$entropy$lt$nf$ld$sexp$Buggy,SVM,CFS,0.79,0.5,0.71,0.384654629081036,1,0.6428571428571428,0.3333333333333333
predis,RESAMPLE_25_25,50,1293907786,50,24,50.0,58.33333333333334,$la$nf$exp$sexp$ld$ns$age$entropy$Buggy,KNN,CFS,0.79,0.4,0.74,0.32087253493165996,1,0.6928571428571428,0.2916666666666667
predis,RESAMPLE_25_25,50,1293907786,50,24,50.0,58.33333333333334,$la$nf$exp$sexp$ld$ns$age$entropy$Buggy,DT,CFS,0.36,0.3,0.4,0.5016299961736982,0,0.5285714285714286,0.5
predis,RESAMPLE_25_25,50,1293907786,50,24,50.0,58.33333333333334,$la$nf$exp$sexp$ld$ns$age$entropy$Buggy,LR,CFS,0.79,0.5,0.71,0.384654629081036,1,0.6428571428571428,0.3333333333333333
predis,RESAMPLE_25_25,50,1293907786,50,24,50.0,58.33333333333334,$la$nf$exp$sexp$ld$ns$age$entropy$Buggy,RF,CFS,0.64,0.5,0.61,0.4344830378784442,0,0.5714285714285714,0.4166666666666667
predis,RESAMPLE_25_25,50,1293907786,50,24,50.0,58.33333333333334,$la$nf$exp$sexp$ld$ns$age$entropy$Buggy,NB,CFS,0.79,0.2,0.79,0.20726597326495586,0,0.7928571428571429,0.20833333333333331
predis,RESAMPLE_25_25,50,1293907786,50,24,50.0,58.33333333333334,$la$nf$exp$sexp$ld$ns$age$entropy$Buggy,SVM,CFS,0.79,0.6,0.66,0.4505099151777565,1,0.5928571428571429,0.375
predis,RESAMPLE_150_25_25,50,1297511168,50,66,50.0,13.636363636363635,$la$lt$fix$exp$entropy$ndev$ld$age$nuc$sexp$nf$Buggy,KNN,CFS,0.33,0.32,0.37,0.5216164472743335,6,0.5087719298245614,0.3636363636363637
predis,RESAMPLE_150_25_25,50,1297511168,50,66,50.0,13.636363636363635,$la$lt$fix$exp$entropy$ndev$ld$age$nuc$sexp$nf$Buggy,DT,CFS,0.56,0.42,0.56,0.4329065619490467,4,0.5672514619883041,0.42424242424242425
predis,RESAMPLE_150_25_25,50,1297511168,50,66,50.0,13.636363636363635,$la$lt$fix$exp$entropy$ndev$ld$age$nuc$sexp$nf$Buggy,LR,CFS,0.44,0.07,0.49,0.3959586894430098,1,0.6871345029239766,0.13636363636363635
predis,RESAMPLE_150_25_25,50,1297511168,50,66,50.0,13.636363636363635,$la$lt$fix$exp$entropy$ndev$ld$age$nuc$sexp$nf$Buggy,RF,CFS,0.44,0.04,0.49,0.3936198187046699,0,0.7046783625730995,0.10606060606060606
predis,RESAMPLE_150_25_25,50,1297511168,50,66,50.0,13.636363636363635,$la$lt$fix$exp$entropy$ndev$ld$age$nuc$sexp$nf$Buggy,NB,CFS,0.11,0.05,0.13,0.6296401908600723,1,0.5292397660818714,0.16666666666666666
predis,RESAMPLE_150_25_25,50,1297511168,50,66,50.0,13.636363636363635,$la$lt$fix$exp$entropy$ndev$ld$age$nuc$sexp$nf$Buggy,SVM,CFS,0.33,0.18,0.37,0.4874541750684142,2,0.5789473684210527,0.24242424242424246
predis,RESAMPLE_300_25_25,50,1297511168,50,66,50.0,13.636363636363635,$lt$ld$entropy$age$la$exp$nuc$sexp$ndev$Buggy,KNN,CFS,0.33,0.02,0.38,0.4715677212531794,0,0.6578947368421052,0.10606060606060606
predis,RESAMPLE_300_25_25,50,1297511168,50,66,50.0,13.636363636363635,$lt$ld$entropy$age$la$exp$nuc$sexp$ndev$Buggy,DT,CFS,0.11,0.07,0.13,0.6304950630149031,2,0.52046783625731,0.18181818181818185
predis,RESAMPLE_300_25_25,50,1297511168,50,66,50.0,13.636363636363635,$lt$ld$entropy$age$la$exp$nuc$sexp$ndev$Buggy,LR,CFS,0.33,0.0,0.38,0.4714045207910317,0,0.6666666666666666,0.09090909090909093
predis,RESAMPLE_300_25_25,50,1297511168,50,66,50.0,13.636363636363635,$lt$ld$entropy$age$la$exp$nuc$sexp$ndev$Buggy,RF,CFS,0.11,0.04,0.13,0.6290288565859582,2,0.5380116959064327,0.15151515151515152
predis,RESAMPLE_300_25_25,50,1297511168,50,66,50.0,13.636363636363635,$lt$ld$entropy$age$la$exp$nuc$sexp$ndev$Buggy,NB,CFS,0.33,0.09,0.38,0.4754677274690404,2,0.6228070175438596,0.16666666666666666
predis,RESAMPLE_300_25_25,50,1297511168,50,66,50.0,13.636363636363635,$lt$ld$entropy$age$la$exp$nuc$sexp$ndev$Buggy,SVM,CFS,0.33,0.16,0.38,0.484445658648564,0,0.587719298245614,0.2272727272727273
predis,RESAMPLE_25_25,50,1297511168,50,66,50.0,13.636363636363635,$nuc$nf$la$ld$age$ns$exp$lt$entropy$sexp$Buggy,KNN,CFS,0.33,0.25,0.37,0.5023796864307493,4,0.5438596491228069,0.30303030303030304
predis,RESAMPLE_25_25,50,1297511168,50,66,50.0,13.636363636363635,$nuc$nf$la$ld$age$ns$exp$lt$entropy$sexp$Buggy,DT,CFS,0.78,0.32,0.76,0.27304368491061404,6,0.7309941520467835,0.30303030303030304
predis,RESAMPLE_25_25,50,1297511168,50,66,50.0,13.636363636363635,$nuc$nf$la$ld$age$ns$exp$lt$entropy$sexp$Buggy,LR,CFS,0.11,0.12,0.13,0.6345096612141304,0,0.4941520467836258,0.2272727272727273
predis,RESAMPLE_25_25,50,1297511168,50,66,50.0,13.636363636363635,$nuc$nf$la$ld$age$ns$exp$lt$entropy$sexp$Buggy,RF,CFS,0.44,0.28,0.48,0.4401337582053895,6,0.5818713450292398,0.3181818181818182
predis,RESAMPLE_25_25,50,1297511168,50,66,50.0,13.636363636363635,$nuc$nf$la$ld$age$ns$exp$lt$entropy$sexp$Buggy,NB,CFS,0.22,0.02,0.26,0.5501118334558558,0,0.6023391812865497,0.12121212121212123
predis,RESAMPLE_25_25,50,1297511168,50,66,50.0,13.636363636363635,$nuc$nf$la$ld$age$ns$exp$lt$entropy$sexp$Buggy,SVM,CFS,0.33,0.12,0.38,0.4793360032390965,0,0.6052631578947368,0.19696969696969696
predis,RESAMPLE_150_25_25,50,1301690090,50,108,50.0,48.148148148148145,$lt$sexp$la$entropy$exp$ld$ndev$age$nuc$Buggy,KNN,CFS,0.83,0.66,0.64,0.4829591021239344,0,0.5831043956043955,0.4259259259259259
predis,RESAMPLE_150_25_25,50,1301690090,50,108,50.0,48.148148148148145,$lt$sexp$la$entropy$exp$ld$ndev$age$nuc$Buggy,DT,CFS,0.79,0.46,0.72,0.3607698332731376,1,0.6620879120879121,0.3425925925925926
predis,RESAMPLE_150_25_25,50,1301690090,50,108,50.0,48.148148148148145,$lt$sexp$la$entropy$exp$ld$ndev$age$nuc$Buggy,LR,CFS,0.81,0.5,0.72,0.378802223146004,2,0.6538461538461539,0.35185185185185186
predis,RESAMPLE_150_25_25,50,1301690090,50,108,50.0,48.148148148148145,$lt$sexp$la$entropy$exp$ld$ndev$age$nuc$Buggy,RF,CFS,0.65,0.61,0.57,0.4941886958372745,0,0.5233516483516484,0.4814814814814815
predis,RESAMPLE_150_25_25,50,1301690090,50,108,50.0,48.148148148148145,$lt$sexp$la$entropy$exp$ld$ndev$age$nuc$Buggy,NB,CFS,0.02,0.0,0.02,0.6935085738560369,0,0.5096153846153846,0.4722222222222222
predis,RESAMPLE_150_25_25,50,1301690090,50,108,50.0,48.148148148148145,$lt$sexp$la$entropy$exp$ld$ndev$age$nuc$Buggy,SVM,CFS,0.92,0.8,0.53,0.5708082868089951,0,0.5597527472527473,0.4537037037037037
predis,RESAMPLE_300_25_25,50,1301690090,50,108,50.0,48.148148148148145,$la$exp$ns$lt$nuc$entropy$sexp$ndev$age$ld$fix$nf$Buggy,KNN,CFS,0.37,0.23,0.41,0.4778216155182714,0,0.5666208791208791,0.4259259259259259
predis,RESAMPLE_300_25_25,50,1301690090,50,108,50.0,48.148148148148145,$la$exp$ns$lt$nuc$entropy$sexp$ndev$age$ld$fix$nf$Buggy,DT,CFS,0.9,0.66,0.68,0.4721170032296635,1,0.6215659340659341,0.3888888888888889
predis,RESAMPLE_300_25_25,50,1301690090,50,108,50.0,48.148148148148145,$la$exp$ns$lt$nuc$entropy$sexp$ndev$age$ld$fix$nf$Buggy,LR,CFS,0.71,0.43,0.68,0.3652968166842908,0,0.6414835164835165,0.3611111111111111
predis,RESAMPLE_300_25_25,50,1301690090,50,108,50.0,48.148148148148145,$la$exp$ns$lt$nuc$entropy$sexp$ndev$age$ld$fix$nf$Buggy,RF,CFS,0.19,0.09,0.23,0.5746036906776859,1,0.5515109890109889,0.4351851851851852
predis,RESAMPLE_300_25_25,50,1301690090,50,108,50.0,48.148148148148145,$la$exp$ns$lt$nuc$entropy$sexp$ndev$age$ld$fix$nf$Buggy,NB,CFS,0.0,0.32,0.0,0.7427369408244793,18,0.3392857142857143,0.6481481481481481
predis,RESAMPLE_300_25_25,50,1301690090,50,108,50.0,48.148148148148145,$la$exp$ns$lt$nuc$entropy$sexp$ndev$age$ld$fix$nf$Buggy,SVM,CFS,0.69,0.39,0.67,0.3528535750895088,0,0.6497252747252747,0.35185185185185186
predis,RESAMPLE_25_25,50,1301690090,50,108,50.0,48.148148148148145,$lt$la$exp$entropy$sexp$ndev$nuc$fix$ld$age$Buggy,KNN,CFS,0.67,0.38,0.66,0.3517838101908984,0,0.6490384615384615,0.35185185185185186
predis,RESAMPLE_25_25,50,1301690090,50,108,50.0,48.148148148148145,$lt$la$exp$entropy$sexp$ndev$nuc$fix$ld$age$Buggy,DT,CFS,0.48,0.57,0.47,0.5459538460167096,2,0.4546703296703297,0.5462962962962963
predis,RESAMPLE_25_25,50,1301690090,50,108,50.0,48.148148148148145,$lt$la$exp$entropy$sexp$ndev$nuc$fix$ld$age$Buggy,LR,CFS,0.77,0.66,0.61,0.4948726125058656,2,0.5542582417582418,0.4537037037037037
predis,RESAMPLE_25_25,50,1301690090,50,108,50.0,48.148148148148145,$lt$la$exp$entropy$sexp$ndev$nuc$fix$ld$age$Buggy,RF,CFS,0.02,0.0,0.02,0.6935085738560369,0,0.5096153846153846,0.4722222222222222
predis,RESAMPLE_25_25,50,1301690090,50,108,50.0,48.148148148148145,$lt$la$exp$entropy$sexp$ndev$nuc$fix$ld$age$Buggy,NB,CFS,0.27,0.38,0.3,0.5807962933073235,0,0.4471153846153846,0.5462962962962963
predis,RESAMPLE_25_25,50,1301690090,50,108,50.0,48.148148148148145,$lt$la$exp$entropy$sexp$ndev$nuc$fix$ld$age$Buggy,SVM,CFS,0.6,0.38,0.6,0.3896900794069124,0,0.6105769230769231,0.3888888888888889
predis,RESAMPLE_150_25_25,50,1323624241,50,276,50.0,39.492753623188406,$sexp$la$entropy$ld$age$exp$lt$nuc$ndev$Buggy,KNN,CFS,0.76,0.58,0.65,0.4439992823308865,0,0.5903147832774818,0.44565217391304346
predis,RESAMPLE_150_25_25,50,1323624241,50,276,50.0,39.492753623188406,$sexp$la$entropy$ld$age$exp$lt$nuc$ndev$Buggy,DT,CFS,0.48,0.5,0.48,0.5130617925240906,0,0.4870351041037192,0.5108695652173914
predis,RESAMPLE_150_25_25,50,1323624241,50,276,50.0,39.492753623188406,$sexp$la$entropy$ld$age$exp$lt$nuc$ndev$Buggy,LR,CFS,0.35,0.3,0.39,0.506918120475514,0,0.5246113278031095,0.4384057971014493
predis,RESAMPLE_150_25_25,50,1323624241,50,276,50.0,39.492753623188406,$sexp$la$entropy$ld$age$exp$lt$nuc$ndev$Buggy,RF,CFS,0.49,0.25,0.53,0.4026322802190051,1,0.6203647750370818,0.35144927536231885
predis,RESAMPLE_150_25_25,50,1323624241,50,276,50.0,39.492753623188406,$sexp$la$entropy$ld$age$exp$lt$nuc$ndev$Buggy,NB,CFS,0.92,0.91,0.32,0.6462370255270241,0,0.5036257759709939,0.5833333333333334
predis,RESAMPLE_150_25_25,50,1323624241,50,276,50.0,39.492753623188406,$sexp$la$entropy$ld$age$exp$lt$nuc$ndev$Buggy,SVM,CFS,0.73,0.59,0.63,0.4594639083775378,0,0.5705652914354777,0.463768115942029
predis,RESAMPLE_300_25_25,50,1323624241,50,276,50.0,39.492753623188406,$la$exp$entropy$sexp$ndev$lt$nuc$ld$age$nf$Buggy,KNN,CFS,0.62,0.38,0.62,0.37970669445855504,0,0.6203098390375212,0.3804347826086957
predis,RESAMPLE_300_25_25,50,1323624241,50,276,50.0,39.492753623188406,$la$exp$entropy$sexp$ndev$lt$nuc$ld$age$nf$Buggy,DT,CFS,0.77,0.57,0.66,0.4337103226857125,0,0.6008899631928803,0.43478260869565216
predis,RESAMPLE_300_25_25,50,1323624241,50,276,50.0,39.492753623188406,$la$exp$entropy$sexp$ndev$lt$nuc$ld$age$nf$Buggy,LR,CFS,0.69,0.46,0.65,0.3936311634871158,0,0.6134977750920179,0.4021739130434783
predis,RESAMPLE_300_25_25,50,1323624241,50,276,50.0,39.492753623188406,$la$exp$entropy$sexp$ndev$lt$nuc$ld$age$nf$Buggy,RF,CFS,0.54,0.29,0.57,0.3827748783534857,2,0.626929626984563,0.355072463768116
predis,RESAMPLE_300_25_25,50,1323624241,50,276,50.0,39.492753623188406,$la$exp$entropy$sexp$ndev$lt$nuc$ld$age$nf$Buggy,NB,CFS,0.0,0.02,0.0,0.7072208664475538,3,0.4910179640718562,0.4057971014492754
predis,RESAMPLE_300_25_25,50,1323624241,50,276,50.0,39.492753623188406,$la$exp$entropy$sexp$ndev$lt$nuc$ld$age$nf$Buggy,SVM,CFS,0.59,0.35,0.6,0.38148475200118775,0,0.6199252870405976,0.37318840579710144
predis,RESAMPLE_25_25,50,1323624241,50,276,50.0,39.492753623188406,$ld$la$nf$lt$age$entropy$exp$sexp$ns$nuc$ndev$Buggy,KNN,CFS,0.77,0.56,0.67,0.4258680957810537,0,0.6068779871449761,0.427536231884058
predis,RESAMPLE_25_25,50,1323624241,50,276,50.0,39.492753623188406,$ld$la$nf$lt$age$entropy$exp$sexp$ns$nuc$ndev$Buggy,DT,CFS,0.76,0.56,0.66,0.42838057727563983,0,0.6022908311816734,0.4311594202898551
predis,RESAMPLE_25_25,50,1323624241,50,276,50.0,39.492753623188406,$ld$la$nf$lt$age$entropy$exp$sexp$ns$nuc$ndev$Buggy,LR,CFS,0.74,0.44,0.7,0.3585154330544231,0,0.6529967587760259,0.3659420289855073
predis,RESAMPLE_25_25,50,1323624241,50,276,50.0,39.492753623188406,$ld$la$nf$lt$age$entropy$exp$sexp$ns$nuc$ndev$Buggy,RF,CFS,0.77,0.57,0.66,0.43764018685491296,0,0.5978959512168325,0.4384057971014493
predis,RESAMPLE_25_25,50,1323624241,50,276,50.0,39.492753623188406,$ld$la$nf$lt$age$entropy$exp$sexp$ns$nuc$ndev$Buggy,NB,CFS,0.86,0.83,0.47,0.5923629246384875,0,0.518019007855848,0.5543478260869565
predis,RESAMPLE_25_25,50,1323624241,50,276,50.0,39.492753623188406,$ld$la$nf$lt$age$entropy$exp$sexp$ns$nuc$ndev$Buggy,SVM,CFS,0.82,0.56,0.7,0.4186255025252147,0,0.6268197549854421,0.4130434782608696
predis,RESAMPLE_150_25_25,50,1325002763,50,29,50.0,20.689655172413797,$lt$la$ld$entropy$exp$age$sexp$nuc$ndev$Buggy,KNN,CFS,1.0,0.83,0.51,0.5841316888062783,0,0.5869565217391304,0.6551724137931034
predis,RESAMPLE_150_25_25,50,1325002763,50,29,50.0,20.689655172413797,$lt$la$ld$entropy$exp$age$sexp$nuc$ndev$Buggy,DT,CFS,0.33,0.65,0.33,0.6594601039103453,5,0.3405797101449275,0.6551724137931034
predis,RESAMPLE_150_25_25,50,1325002763,50,29,50.0,20.689655172413797,$lt$la$ld$entropy$exp$age$sexp$nuc$ndev$Buggy,LR,CFS,0.67,0.65,0.57,0.5179005329045112,0,0.5072463768115941,0.5862068965517241
predis,RESAMPLE_150_25_25,50,1325002763,50,29,50.0,20.689655172413797,$lt$la$ld$entropy$exp$age$sexp$nuc$ndev$Buggy,RF,CFS,0.0,0.35,0.0,0.7486597981618506,8,0.32608695652173914,0.4827586206896552
predis,RESAMPLE_150_25_25,50,1325002763,50,29,50.0,20.689655172413797,$lt$la$ld$entropy$exp$age$sexp$nuc$ndev$Buggy,NB,CFS,0.0,0.0,0.0,0.7071067811865475,0,0.5,0.20689655172413796
predis,RESAMPLE_150_25_25,50,1325002763,50,29,50.0,20.689655172413797,$lt$la$ld$entropy$exp$age$sexp$nuc$ndev$Buggy,SVM,CFS,1.0,0.96,0.17,0.6763630080914802,0,0.5217391304347826,0.7586206896551724
predis,RESAMPLE_300_25_25,50,1325002763,50,29,50.0,20.689655172413797,$nuc$la$nf$lt$exp$ns$sexp$age$ndev$entropy$Buggy,KNN,CFS,1.0,0.74,0.64,0.5226441426161438,0,0.6304347826086957,0.5862068965517241
predis,RESAMPLE_300_25_25,50,1325002763,50,29,50.0,20.689655172413797,$nuc$la$nf$lt$exp$ns$sexp$age$ndev$entropy$Buggy,DT,CFS,0.33,0.17,0.38,0.4871807627238148,1,0.5797101449275363,0.27586206896551724
predis,RESAMPLE_300_25_25,50,1325002763,50,29,50.0,20.689655172413797,$nuc$la$nf$lt$exp$ns$sexp$age$ndev$entropy$Buggy,LR,CFS,1.0,0.91,0.33,0.6456192349964128,0,0.5434782608695652,0.7241379310344828
predis,RESAMPLE_300_25_25,50,1325002763,50,29,50.0,20.689655172413797,$nuc$la$nf$lt$exp$ns$sexp$age$ndev$entropy$Buggy,RF,CFS,0.67,0.87,0.37,0.6585039021934105,7,0.3985507246376812,0.7586206896551724
predis,RESAMPLE_300_25_25,50,1325002763,50,29,50.0,20.689655172413797,$nuc$la$nf$lt$exp$ns$sexp$age$ndev$entropy$Buggy,NB,CFS,0.67,0.48,0.63,0.4122163087921128,0,0.5942028985507246,0.4482758620689655
predis,RESAMPLE_300_25_25,50,1325002763,50,29,50.0,20.689655172413797,$nuc$la$nf$lt$exp$ns$sexp$age$ndev$entropy$Buggy,SVM,CFS,1.0,0.83,0.51,0.5841316888062783,0,0.5869565217391304,0.6551724137931034
predis,RESAMPLE_25_25,50,1325002763,50,29,50.0,20.689655172413797,$la$exp$entropy$lt$ns$age$ld$nf$sexp$ndev$Buggy,KNN,CFS,1.0,0.87,0.43,0.6148754619013456,0,0.5652173913043479,0.6896551724137931
predis,RESAMPLE_25_25,50,1325002763,50,29,50.0,20.689655172413797,$la$exp$entropy$lt$ns$age$ld$nf$sexp$ndev$Buggy,DT,CFS,0.33,0.48,0.36,0.5801628667028433,6,0.427536231884058,0.5172413793103449
predis,RESAMPLE_25_25,50,1325002763,50,29,50.0,20.689655172413797,$la$exp$entropy$lt$ns$age$ld$nf$sexp$ndev$Buggy,LR,CFS,0.83,0.7,0.61,0.5058209786316306,0,0.568840579710145,0.5862068965517241
predis,RESAMPLE_25_25,50,1325002763,50,29,50.0,20.689655172413797,$la$exp$entropy$lt$ns$age$ld$nf$sexp$ndev$Buggy,RF,CFS,0.67,0.78,0.48,0.6014929266506416,6,0.4420289855072464,0.6896551724137931
predis,RESAMPLE_25_25,50,1325002763,50,29,50.0,20.689655172413797,$la$exp$entropy$lt$ns$age$ld$nf$sexp$ndev$Buggy,NB,CFS,1.0,0.96,0.17,0.6763630080914802,0,0.5217391304347826,0.7586206896551724
predis,RESAMPLE_25_25,50,1325002763,50,29,50.0,20.689655172413797,$la$exp$entropy$lt$ns$age$ld$nf$sexp$ndev$Buggy,SVM,CFS,1.0,0.78,0.59,0.553387915711211,0,0.6086956521739131,0.6206896551724138
predis,RESAMPLE_150_25_25,50,1333274960,50,38,50.0,34.21052631578947,$ld$la$age$exp$nf$lt$sexp$ndev$nuc$Buggy,KNN,CFS,0.15,0.36,0.18,0.6502216281241907,0,0.3969230769230769,0.5263157894736842
predis,RESAMPLE_150_25_25,50,1333274960,50,38,50.0,34.21052631578947,$ld$la$age$exp$nf$lt$sexp$ndev$nuc$Buggy,DT,CFS,0.85,0.52,0.74,0.3834505437818901,0,0.6630769230769231,0.3947368421052632
predis,RESAMPLE_150_25_25,50,1333274960,50,38,50.0,34.21052631578947,$ld$la$age$exp$nf$lt$sexp$ndev$nuc$Buggy,LR,CFS,0.38,0.36,0.41,0.504132038682363,0,0.5123076923076924,0.4473684210526316
predis,RESAMPLE_150_25_25,50,1333274960,50,38,50.0,34.21052631578947,$ld$la$age$exp$nf$lt$sexp$ndev$nuc$Buggy,RF,CFS,0.62,0.4,0.62,0.3923830998417492,2,0.6076923076923078,0.3947368421052632
predis,RESAMPLE_150_25_25,50,1333274960,50,38,50.0,34.21052631578947,$ld$la$age$exp$nf$lt$sexp$ndev$nuc$Buggy,NB,CFS,1.0,1.0,0.0,0.7071067811865475,2,0.5,0.6578947368421053
predis,RESAMPLE_150_25_25,50,1333274960,50,38,50.0,34.21052631578947,$ld$la$age$exp$nf$lt$sexp$ndev$nuc$Buggy,SVM,CFS,0.15,0.2,0.18,0.6148074216211719,0,0.4769230769230769,0.42105263157894735
predis,RESAMPLE_300_25_25,50,1333274960,50,38,50.0,34.21052631578947,$nuc$la$fix$lt$entropy$exp$sexp$ndev$ld$age$Buggy,KNN,CFS,0.92,0.52,0.78,0.3716968924831856,7,0.7015384615384616,0.3684210526315789
predis,RESAMPLE_300_25_25,50,1333274960,50,38,50.0,34.21052631578947,$nuc$la$fix$lt$entropy$exp$sexp$ndev$ld$age$Buggy,DT,CFS,0.69,0.72,0.53,0.5536580877278944,6,0.4861538461538462,0.5789473684210527
predis,RESAMPLE_300_25_25,50,1333274960,50,38,50.0,34.21052631578947,$nuc$la$fix$lt$entropy$exp$sexp$ndev$ld$age$Buggy,LR,CFS,1.0,0.84,0.49,0.5939696961966998,2,0.5800000000000001,0.5526315789473685
predis,RESAMPLE_300_25_25,50,1333274960,50,38,50.0,34.21052631578947,$nuc$la$fix$lt$entropy$exp$sexp$ndev$ld$age$Buggy,RF,CFS,1.0,1.0,0.0,0.7071067811865475,2,0.5,0.6578947368421053
predis,RESAMPLE_300_25_25,50,1333274960,50,38,50.0,34.21052631578947,$nuc$la$fix$lt$entropy$exp$sexp$ndev$ld$age$Buggy,NB,CFS,0.0,0.0,0.0,0.7071067811865475,0,0.5,0.34210526315789475
predis,RESAMPLE_300_25_25,50,1333274960,50,38,50.0,34.21052631578947,$nuc$la$fix$lt$entropy$exp$sexp$ndev$ld$age$Buggy,SVM,CFS,0.69,0.4,0.67,0.35684349245363706,5,0.6461538461538461,0.3684210526315789
predis,RESAMPLE_25_25,50,1333274960,50,38,50.0,34.21052631578947,$la$ld$entropy$lt$age$exp$sexp$nf$Buggy,KNN,CFS,1.0,0.48,0.84,0.3394112549695428,2,0.76,0.3157894736842105
predis,RESAMPLE_25_25,50,1333274960,50,38,50.0,34.21052631578947,$la$ld$entropy$lt$age$exp$sexp$nf$Buggy,DT,CFS,0.0,0.0,0.0,0.7071067811865475,0,0.5,0.34210526315789475
predis,RESAMPLE_25_25,50,1333274960,50,38,50.0,34.21052631578947,$la$ld$entropy$lt$age$exp$sexp$nf$Buggy,LR,CFS,0.92,0.56,0.76,0.3996981109308084,2,0.6815384615384615,0.3947368421052632
predis,RESAMPLE_25_25,50,1333274960,50,38,50.0,34.21052631578947,$la$ld$entropy$lt$age$exp$sexp$nf$Buggy,RF,CFS,0.46,0.16,0.51,0.397203240421303,1,0.6507692307692309,0.2894736842105263
predis,RESAMPLE_25_25,50,1333274960,50,38,50.0,34.21052631578947,$la$ld$entropy$lt$age$exp$sexp$nf$Buggy,NB,CFS,1.0,0.64,0.74,0.4525483399593904,2,0.6799999999999999,0.42105263157894735
predis,RESAMPLE_25_25,50,1333274960,50,38,50.0,34.21052631578947,$la$ld$entropy$lt$age$exp$sexp$nf$Buggy,SVM,CFS,1.0,0.6,0.77,0.4242640687119285,2,0.7,0.3947368421052632
predis,RESAMPLE_150_25_25,50,1338549451,50,25,50.0,48.0,$la$nf$ld$age$exp$lt$entropy$Buggy,KNN,CFS,0.83,0.31,0.8,0.2474392187899844,0,0.7628205128205129,0.24
predis,RESAMPLE_150_25_25,50,1338549451,50,25,50.0,48.0,$la$nf$ld$age$exp$lt$entropy$Buggy,DT,CFS,0.92,0.23,0.89,0.1734919051631328,0,0.8429487179487177,0.16
predis,RESAMPLE_150_25_25,50,1338549451,50,25,50.0,48.0,$la$nf$ld$age$exp$lt$entropy$Buggy,LR,CFS,0.83,0.38,0.78,0.2964007185050485,0,0.7243589743589745,0.28
predis,RESAMPLE_150_25_25,50,1338549451,50,25,50.0,48.0,$la$nf$ld$age$exp$lt$entropy$Buggy,RF,CFS,0.92,0.38,0.84,0.2782745393736953,0,0.7660256410256411,0.24
predis,RESAMPLE_150_25_25,50,1338549451,50,25,50.0,48.0,$la$nf$ld$age$exp$lt$entropy$Buggy,NB,CFS,0.83,0.15,0.83,0.16038456414354876,0,0.8397435897435898,0.16
predis,RESAMPLE_150_25_25,50,1338549451,50,25,50.0,48.0,$la$nf$ld$age$exp$lt$entropy$Buggy,SVM,CFS,0.92,0.46,0.81,0.3316339819166112,0,0.7275641025641025,0.28
predis,RESAMPLE_300_25_25,50,1338549451,50,25,50.0,48.0,$lt$nf$nuc$la$exp$ns$sexp$entropy$Buggy,KNN,CFS,0.92,0.62,0.72,0.4391142614949528,0,0.6506410256410255,0.36
predis,RESAMPLE_300_25_25,50,1338549451,50,25,50.0,48.0,$lt$nf$nuc$la$exp$ns$sexp$entropy$Buggy,DT,CFS,0.0,0.0,0.0,0.7071067811865475,0,0.5,0.48
predis,RESAMPLE_300_25_25,50,1338549451,50,25,50.0,48.0,$lt$nf$nuc$la$exp$ns$sexp$entropy$Buggy,LR,CFS,0.92,0.54,0.77,0.3852825410311317,0,0.6891025641025641,0.32
predis,RESAMPLE_300_25_25,50,1338549451,50,25,50.0,48.0,$lt$nf$nuc$la$exp$ns$sexp$entropy$Buggy,RF,CFS,0.92,0.77,0.57,0.5471107843827452,0,0.5737179487179487,0.44
predis,RESAMPLE_300_25_25,50,1338549451,50,25,50.0,48.0,$lt$nf$nuc$la$exp$ns$sexp$entropy$Buggy,NB,CFS,0.83,0.15,0.83,0.16038456414354876,0,0.8397435897435898,0.16
predis,RESAMPLE_300_25_25,50,1338549451,50,25,50.0,48.0,$lt$nf$nuc$la$exp$ns$sexp$entropy$Buggy,SVM,CFS,0.83,0.23,0.82,0.20128613420650746,0,0.8012820512820513,0.2
predis,RESAMPLE_25_25,50,1338549451,50,25,50.0,48.0,$la$exp$entropy$lt$fix$sexp$ns$ld$age$Buggy,KNN,CFS,0.75,0.23,0.75,0.24057684621532316,0,0.7596153846153846,0.24
predis,RESAMPLE_25_25,50,1338549451,50,25,50.0,48.0,$la$exp$entropy$lt$fix$sexp$ns$ld$age$Buggy,DT,CFS,0.83,0.31,0.8,0.2474392187899844,1,0.7628205128205129,0.24
predis,RESAMPLE_25_25,50,1338549451,50,25,50.0,48.0,$la$exp$entropy$lt$fix$sexp$ns$ld$age$Buggy,LR,CFS,0.83,0.38,0.78,0.2964007185050485,1,0.7243589743589745,0.28
predis,RESAMPLE_25_25,50,1338549451,50,25,50.0,48.0,$la$exp$entropy$lt$fix$sexp$ns$ld$age$Buggy,RF,CFS,0.92,0.54,0.77,0.3852825410311317,1,0.6891025641025641,0.32
predis,RESAMPLE_25_25,50,1338549451,50,25,50.0,48.0,$la$exp$entropy$lt$fix$sexp$ns$ld$age$Buggy,NB,CFS,0.83,0.85,0.44,0.6098172304628349,1,0.4935897435897436,0.52
predis,RESAMPLE_25_25,50,1338549451,50,25,50.0,48.0,$la$exp$entropy$lt$fix$sexp$ns$ld$age$Buggy,SVM,CFS,0.75,0.46,0.7,0.3711588281849766,1,0.6442307692307692,0.36
predis,RESAMPLE_150_25_25,50,1350956765,50,72,50.0,44.444444444444436,$lt$la$nf$exp$ld$age$nuc$entropy$Buggy,KNN,CFS,0.75,0.52,0.67,0.4111721050849632,1,0.6125,0.4027777777777778
predis,RESAMPLE_150_25_25,50,1350956765,50,72,50.0,44.444444444444436,$lt$la$nf$exp$ld$age$nuc$entropy$Buggy,DT,CFS,0.78,0.55,0.68,0.4185400593133231,1,0.615625,0.4027777777777778
predis,RESAMPLE_150_25_25,50,1350956765,50,72,50.0,44.444444444444436,$lt$la$nf$exp$ld$age$nuc$entropy$Buggy,LR,CFS,0.94,0.52,0.79,0.37385241071845454,1,0.70625,0.3194444444444444
predis,RESAMPLE_150_25_25,50,1350956765,50,72,50.0,44.444444444444436,$lt$la$nf$exp$ld$age$nuc$entropy$Buggy,RF,CFS,0.5,0.45,0.51,0.4756574397610112,1,0.525,0.4722222222222222
predis,RESAMPLE_150_25_25,50,1350956765,50,72,50.0,44.444444444444436,$lt$la$nf$exp$ld$age$nuc$entropy$Buggy,NB,CFS,0.75,0.22,0.76,0.2378287198805056,1,0.7625,0.2361111111111111
predis,RESAMPLE_150_25_25,50,1350956765,50,72,50.0,44.444444444444436,$lt$la$nf$exp$ld$age$nuc$entropy$Buggy,SVM,CFS,0.88,0.38,0.81,0.2795084971874737,1,0.75,0.2638888888888889
predis,RESAMPLE_300_25_25,50,1350956765,50,72,50.0,44.444444444444436,$la$exp$entropy$lt$ld$sexp$age$nuc$Buggy,KNN,CFS,0.81,0.48,0.73,0.3610964206413572,1,0.6687500000000001,0.3472222222222222
predis,RESAMPLE_300_25_25,50,1350956765,50,72,50.0,44.444444444444436,$la$exp$entropy$lt$ld$sexp$age$nuc$Buggy,DT,CFS,0.16,0.28,0.19,0.6275105825800869,1,0.440625,0.5277777777777778
predis,RESAMPLE_300_25_25,50,1350956765,50,72,50.0,44.444444444444436,$la$exp$entropy$lt$ld$sexp$age$nuc$Buggy,LR,CFS,0.88,0.5,0.76,0.3644344934278312,1,0.6875,0.3333333333333333
predis,RESAMPLE_300_25_25,50,1350956765,50,72,50.0,44.444444444444436,$la$exp$entropy$lt$ld$sexp$age$nuc$Buggy,RF,CFS,0.59,0.4,0.59,0.4031371122211399,1,0.5968749999999999,0.4027777777777778
predis,RESAMPLE_300_25_25,50,1350956765,50,72,50.0,44.444444444444436,$la$exp$entropy$lt$ld$sexp$age$nuc$Buggy,NB,CFS,0.03,0.0,0.04,0.6850096942744679,0,0.515625,0.4305555555555556
predis,RESAMPLE_300_25_25,50,1350956765,50,72,50.0,44.444444444444436,$la$exp$entropy$lt$ld$sexp$age$nuc$Buggy,SVM,CFS,0.84,0.5,0.74,0.37041467472280304,1,0.671875,0.3472222222222222
predis,RESAMPLE_25_25,50,1350956765,50,72,50.0,44.444444444444436,$ld$age$ns$sexp$entropy$lt$la$exp$nuc$Buggy,KNN,CFS,0.81,0.4,0.76,0.312374974989995,1,0.7062499999999999,0.3055555555555556
predis,RESAMPLE_25_25,50,1350956765,50,72,50.0,44.444444444444436,$ld$age$ns$sexp$entropy$lt$la$exp$nuc$Buggy,DT,CFS,0.72,0.42,0.69,0.3603654828781469,0,0.646875,0.3611111111111111
predis,RESAMPLE_25_25,50,1350956765,50,72,50.0,44.444444444444436,$ld$age$ns$sexp$entropy$lt$la$exp$nuc$Buggy,LR,CFS,0.78,0.3,0.76,0.2625371997451028,1,0.740625,0.2638888888888889
predis,RESAMPLE_25_25,50,1350956765,50,72,50.0,44.444444444444436,$ld$age$ns$sexp$entropy$lt$la$exp$nuc$Buggy,RF,CFS,0.53,0.22,0.57,0.3676625915836421,0,0.6531250000000001,0.3333333333333333
predis,RESAMPLE_25_25,50,1350956765,50,72,50.0,44.444444444444436,$ld$age$ns$sexp$entropy$lt$la$exp$nuc$Buggy,NB,CFS,0.88,0.92,0.29,0.6600189391222043,1,0.475,0.5694444444444444
predis,RESAMPLE_25_25,50,1350956765,50,72,50.0,44.444444444444436,$ld$age$ns$sexp$entropy$lt$la$exp$nuc$Buggy,SVM,CFS,0.81,0.57,0.69,0.4276571348639,1,0.61875,0.4027777777777778
predis,RESAMPLE_150_25_25,50,1361199825,50,32,50.0,37.5,$lt$la$nf$ld$exp$age$entropy$nuc$Buggy,KNN,CFS,0.92,0.6,0.73,0.4283365758632132,0,0.6583333333333332,0.40625
predis,RESAMPLE_150_25_25,50,1361199825,50,32,50.0,37.5,$lt$la$nf$ld$exp$age$entropy$nuc$Buggy,DT,CFS,0.67,0.75,0.5,0.5803495115493383,0,0.4583333333333333,0.59375
predis,RESAMPLE_150_25_25,50,1361199825,50,32,50.0,37.5,$lt$la$nf$ld$exp$age$entropy$nuc$Buggy,LR,CFS,1.0,0.8,0.56,0.5656854249492379,0,0.6,0.5
predis,RESAMPLE_150_25_25,50,1361199825,50,32,50.0,37.5,$lt$la$nf$ld$exp$age$entropy$nuc$Buggy,RF,CFS,0.67,0.5,0.63,0.4249182927993987,0,0.5833333333333333,0.4375
predis,RESAMPLE_150_25_25,50,1361199825,50,32,50.0,37.5,$lt$la$nf$ld$exp$age$entropy$nuc$Buggy,NB,CFS,1.0,1.0,0.0,0.7071067811865475,0,0.5,0.625
predis,RESAMPLE_150_25_25,50,1361199825,50,32,50.0,37.5,$lt$la$nf$ld$exp$age$entropy$nuc$Buggy,SVM,CFS,0.83,0.45,0.75,0.33932121785837216,0,0.6916666666666668,0.34375
predis,RESAMPLE_300_25_25,50,1361199825,50,32,50.0,37.5,$sexp$la$ndev$nuc$entropy$exp$lt$ld$age$Buggy,KNN,CFS,0.92,0.55,0.76,0.3933474573735316,0,0.6833333333333332,0.375
predis,RESAMPLE_300_25_25,50,1361199825,50,32,50.0,37.5,$sexp$la$ndev$nuc$entropy$exp$lt$ld$age$Buggy,DT,CFS,0.17,0.0,0.2,0.5892556509887896,0,0.5833333333333334,0.3125
predis,RESAMPLE_300_25_25,50,1361199825,50,32,50.0,37.5,$sexp$la$ndev$nuc$entropy$exp$lt$ld$age$Buggy,LR,CFS,0.92,0.6,0.73,0.4283365758632132,0,0.6583333333333332,0.40625
predis,RESAMPLE_300_25_25,50,1361199825,50,32,50.0,37.5,$sexp$la$ndev$nuc$entropy$exp$lt$ld$age$Buggy,RF,CFS,0.17,0.0,0.2,0.5892556509887896,0,0.5833333333333334,0.3125
predis,RESAMPLE_300_25_25,50,1361199825,50,32,50.0,37.5,$sexp$la$ndev$nuc$entropy$exp$lt$ld$age$Buggy,NB,CFS,0.0,0.0,0.0,0.7071067811865475,0,0.5,0.375
predis,RESAMPLE_300_25_25,50,1361199825,50,32,50.0,37.5,$sexp$la$ndev$nuc$entropy$exp$lt$ld$age$Buggy,SVM,CFS,0.5,0.35,0.52,0.4315669125408017,1,0.5750000000000001,0.40625
predis,RESAMPLE_25_25,50,1361199825,50,32,50.0,37.5,$la$exp$entropy$sexp$lt$ns$ld$age$Buggy,KNN,CFS,1.0,0.75,0.62,0.5303300858899106,0,0.625,0.46875
predis,RESAMPLE_25_25,50,1361199825,50,32,50.0,37.5,$la$exp$entropy$sexp$lt$ns$ld$age$Buggy,DT,CFS,0.75,0.45,0.7,0.36400549446402586,0,0.6500000000000001,0.375
predis,RESAMPLE_25_25,50,1361199825,50,32,50.0,37.5,$la$exp$entropy$sexp$lt$ns$ld$age$Buggy,LR,CFS,0.83,0.5,0.73,0.37267799624996495,0,0.6666666666666667,0.375
predis,RESAMPLE_25_25,50,1361199825,50,32,50.0,37.5,$la$exp$entropy$sexp$lt$ns$ld$age$Buggy,RF,CFS,0.83,0.75,0.57,0.5432668671002207,0,0.5416666666666667,0.53125
predis,RESAMPLE_25_25,50,1361199825,50,32,50.0,37.5,$la$exp$entropy$sexp$lt$ns$ld$age$Buggy,NB,CFS,0.75,0.85,0.42,0.6264982043070834,2,0.45,0.625
predis,RESAMPLE_25_25,50,1361199825,50,32,50.0,37.5,$la$exp$entropy$sexp$lt$ns$ld$age$Buggy,SVM,CFS,0.83,0.7,0.61,0.5088112507491248,0,0.5666666666666668,0.5
predis,RESAMPLE_150_25_25,50,1374923634,50,27,50.0,29.62962962962963,$la$ld$age$entropy$exp$sexp$ndev$lt$nuc$Buggy,KNN,CFS,0.75,0.58,0.65,0.4459148211271195,1,0.5855263157894737,0.4814814814814815
predis,RESAMPLE_150_25_25,50,1374923634,50,27,50.0,29.62962962962963,$la$ld$age$entropy$exp$sexp$ndev$lt$nuc$Buggy,DT,CFS,0.38,0.26,0.42,0.479519070299778,0,0.555921052631579,0.3703703703703704
predis,RESAMPLE_150_25_25,50,1374923634,50,27,50.0,29.62962962962963,$la$ld$age$entropy$exp$sexp$ndev$lt$nuc$Buggy,LR,CFS,1.0,0.63,0.75,0.4465937565388721,1,0.6842105263157895,0.4444444444444444
predis,RESAMPLE_150_25_25,50,1374923634,50,27,50.0,29.62962962962963,$la$ld$age$entropy$exp$sexp$ndev$lt$nuc$Buggy,RF,CFS,0.38,0.26,0.42,0.479519070299778,3,0.555921052631579,0.3703703703703704
predis,RESAMPLE_150_25_25,50,1374923634,50,27,50.0,29.62962962962963,$la$ld$age$entropy$exp$sexp$ndev$lt$nuc$Buggy,NB,CFS,0.0,0.0,0.0,0.7071067811865475,0,0.5,0.2962962962962963
predis,RESAMPLE_150_25_25,50,1374923634,50,27,50.0,29.62962962962963,$la$ld$age$entropy$exp$sexp$ndev$lt$nuc$Buggy,SVM,CFS,0.38,0.42,0.41,0.5328744310621202,2,0.4769736842105263,0.4814814814814815
predis,RESAMPLE_300_25_25,50,1374923634,50,27,50.0,29.62962962962963,$la$exp$entropy$ld$ndev$age$sexp$lt$ns$nuc$Buggy,KNN,CFS,0.5,0.47,0.51,0.4870198821926775,2,0.5131578947368421,0.4814814814814815
predis,RESAMPLE_300_25_25,50,1374923634,50,27,50.0,29.62962962962963,$la$exp$entropy$ld$ndev$age$sexp$lt$ns$nuc$Buggy,DT,CFS,0.62,0.42,0.61,0.3986918098980444,1,0.6019736842105263,0.4074074074074074
predis,RESAMPLE_300_25_25,50,1374923634,50,27,50.0,29.62962962962963,$la$exp$entropy$ld$ndev$age$sexp$lt$ns$nuc$Buggy,LR,CFS,0.88,0.58,0.72,0.4188108495500457,1,0.6480263157894737,0.4444444444444444
predis,RESAMPLE_300_25_25,50,1374923634,50,27,50.0,29.62962962962963,$la$exp$entropy$ld$ndev$age$sexp$lt$ns$nuc$Buggy,RF,CFS,0.5,0.11,0.55,0.3613034267827889,1,0.6973684210526315,0.2222222222222222
predis,RESAMPLE_300_25_25,50,1374923634,50,27,50.0,29.62962962962963,$la$exp$entropy$ld$ndev$age$sexp$lt$ns$nuc$Buggy,NB,CFS,0.0,0.0,0.0,0.7071067811865475,0,0.5,0.2962962962962963
predis,RESAMPLE_300_25_25,50,1374923634,50,27,50.0,29.62962962962963,$la$exp$entropy$ld$ndev$age$sexp$lt$ns$nuc$Buggy,SVM,CFS,1.0,0.47,0.85,0.3349453174041541,1,0.7631578947368421,0.3333333333333333
predis,RESAMPLE_25_25,50,1374923634,50,27,50.0,29.62962962962963,$sexp$entropy$la$ld$lt$age$nf$exp$nuc$ns$fix$Buggy,KNN,CFS,0.75,0.42,0.71,0.3462551938668623,1,0.6644736842105263,0.3703703703703704
predis,RESAMPLE_25_25,50,1374923634,50,27,50.0,29.62962962962963,$sexp$entropy$la$ld$lt$age$nf$exp$nuc$ns$fix$Buggy,DT,CFS,0.5,0.26,0.53,0.3995322750181309,1,0.618421052631579,0.3333333333333333
predis,RESAMPLE_25_25,50,1374923634,50,27,50.0,29.62962962962963,$sexp$entropy$la$ld$lt$age$nf$exp$nuc$ns$fix$Buggy,LR,CFS,0.88,0.37,0.82,0.2750991385138825,1,0.7532894736842105,0.2962962962962963
predis,RESAMPLE_25_25,50,1374923634,50,27,50.0,29.62962962962963,$sexp$entropy$la$ld$lt$age$nf$exp$nuc$ns$fix$Buggy,RF,CFS,0.88,0.11,0.88,0.11555373730427825,1,0.8848684210526315,0.1111111111111111
predis,RESAMPLE_25_25,50,1374923634,50,27,50.0,29.62962962962963,$sexp$entropy$la$ld$lt$age$nf$exp$nuc$ns$fix$Buggy,NB,CFS,0.62,0.58,0.57,0.4877525271086055,2,0.5230263157894737,0.5185185185185185
predis,RESAMPLE_25_25,50,1374923634,50,27,50.0,29.62962962962963,$sexp$entropy$la$ld$lt$age$nf$exp$nuc$ns$fix$Buggy,SVM,CFS,0.5,0.21,0.54,0.3836152562398224,1,0.6447368421052629,0.2962962962962963
predis,RESAMPLE_150_25_25,50,1389885029,50,255,50.0,40.392156862745104,$la$nuc$nf$exp$lt$sexp$entropy$ld$Buggy,KNN,CFS,0.86,0.49,0.76,0.3574144060303707,2,0.6886177823198774,0.3450980392156863
predis,RESAMPLE_150_25_25,50,1389885029,50,255,50.0,40.392156862745104,$la$nuc$nf$exp$lt$sexp$entropy$ld$Buggy,DT,CFS,0.01,0.05,0.01,0.7012299433728038,2,0.4785385794583546,0.4313725490196079
predis,RESAMPLE_150_25_25,50,1389885029,50,255,50.0,40.392156862745104,$la$nuc$nf$exp$lt$sexp$entropy$ld$Buggy,LR,CFS,0.92,0.53,0.77,0.3761920547192374,1,0.6980071538068473,0.3450980392156863
predis,RESAMPLE_150_25_25,50,1389885029,50,255,50.0,40.392156862745104,$la$nuc$nf$exp$lt$sexp$entropy$ld$Buggy,RF,CFS,0.8,0.38,0.76,0.3059174501949756,2,0.7072687787429741,0.30980392156862746
predis,RESAMPLE_150_25_25,50,1389885029,50,255,50.0,40.392156862745104,$la$nuc$nf$exp$lt$sexp$entropy$ld$Buggy,NB,CFS,0.78,0.28,0.77,0.25121080699846593,1,0.7501916198262646,0.2549019607843137
predis,RESAMPLE_150_25_25,50,1389885029,50,255,50.0,40.392156862745104,$la$nuc$nf$exp$lt$sexp$entropy$ld$Buggy,SVM,CFS,0.83,0.38,0.78,0.2967680917237616,2,0.7218318855390905,0.2980392156862745
predis,RESAMPLE_300_25_25,50,1389885029,50,255,50.0,40.392156862745104,$la$ld$nf$exp$lt$age$ns$nuc$Buggy,KNN,CFS,0.46,0.57,0.45,0.5582130805179272,2,0.4419711292795096,0.5607843137254902
predis,RESAMPLE_300_25_25,50,1389885029,50,255,50.0,40.392156862745104,$la$ld$nf$exp$lt$age$ns$nuc$Buggy,DT,CFS,0.44,0.53,0.45,0.5482089311506205,6,0.4519992335206949,0.5450980392156862
predis,RESAMPLE_300_25_25,50,1389885029,50,255,50.0,40.392156862745104,$la$ld$nf$exp$lt$age$ns$nuc$Buggy,LR,CFS,0.94,0.69,0.67,0.4901955947506005,0,0.6254790495656617,0.4352941176470588
predis,RESAMPLE_300_25_25,50,1389885029,50,255,50.0,40.392156862745104,$la$ld$nf$exp$lt$age$ns$nuc$Buggy,RF,CFS,0.73,0.68,0.58,0.5162770942346706,2,0.5252618804292284,0.5137254901960784
predis,RESAMPLE_300_25_25,50,1389885029,50,255,50.0,40.392156862745104,$la$ld$nf$exp$lt$age$ns$nuc$Buggy,NB,CFS,0.44,0.53,0.45,0.5450218225364477,1,0.4552887072049055,0.5411764705882353
predis,RESAMPLE_300_25_25,50,1389885029,50,255,50.0,40.392156862745104,$la$ld$nf$exp$lt$age$ns$nuc$Buggy,SVM,CFS,0.07,0.16,0.09,0.6684411484117752,1,0.4550332141032192,0.4705882352941176
predis,RESAMPLE_25_25,50,1389885029,50,255,50.0,40.392156862745104,$sexp$la$exp$entropy$lt$ld$age$nuc$Buggy,KNN,CFS,0.81,0.39,0.76,0.3110635070854388,0,0.7055442003065917,0.3137254901960784
predis,RESAMPLE_25_25,50,1389885029,50,255,50.0,40.392156862745104,$sexp$la$exp$entropy$lt$ld$age$nuc$Buggy,DT,CFS,0.02,0.03,0.02,0.6937665856104825,0,0.493261369443025,0.415686274509804
predis,RESAMPLE_25_25,50,1389885029,50,255,50.0,40.392156862745104,$sexp$la$exp$entropy$lt$ld$age$nuc$Buggy,LR,CFS,0.97,0.5,0.82,0.3541527469314761,0,0.7354368932038835,0.30980392156862746
predis,RESAMPLE_25_25,50,1389885029,50,255,50.0,40.392156862745104,$sexp$la$exp$entropy$lt$ld$age$nuc$Buggy,RF,CFS,0.95,0.62,0.73,0.43863486415855296,0,0.6665176290240163,0.3882352941176471
predis,RESAMPLE_25_25,50,1389885029,50,255,50.0,40.392156862745104,$sexp$la$exp$entropy$lt$ld$age$nuc$Buggy,NB,CFS,0.93,0.78,0.57,0.5510376234618217,1,0.5778615227388861,0.4901960784313725
predis,RESAMPLE_25_25,50,1389885029,50,255,50.0,40.392156862745104,$sexp$la$exp$entropy$lt$ld$age$nuc$Buggy,SVM,CFS,0.66,0.25,0.68,0.2983018595893134,0,0.7050970873786409,0.28627450980392155
predis,RESAMPLE_150_25_25,50,1405425273,50,46,50.0,17.391304347826086,$la$exp$lt$entropy$ld$age$ndev$nuc$sexp$Buggy,KNN,CFS,0.88,0.74,0.6,0.5284700975876698,0,0.5690789473684211,0.6304347826086957
predis,RESAMPLE_150_25_25,50,1405425273,50,46,50.0,17.391304347826086,$la$exp$lt$entropy$ld$age$ndev$nuc$sexp$Buggy,DT,CFS,0.25,0.42,0.28,0.6081880131010297,0,0.4144736842105263,0.4782608695652174
predis,RESAMPLE_150_25_25,50,1405425273,50,46,50.0,17.391304347826086,$la$exp$lt$entropy$ld$age$ndev$nuc$sexp$Buggy,LR,CFS,0.62,0.5,0.59,0.44194173824159216,1,0.5625,0.4782608695652174
predis,RESAMPLE_150_25_25,50,1405425273,50,46,50.0,17.391304347826086,$la$exp$lt$entropy$ld$age$ndev$nuc$sexp$Buggy,RF,CFS,0.25,0.29,0.29,0.5684606467691565,0,0.4802631578947368,0.3695652173913043
predis,RESAMPLE_150_25_25,50,1405425273,50,46,50.0,17.391304347826086,$la$exp$lt$entropy$ld$age$ndev$nuc$sexp$Buggy,NB,CFS,0.0,0.0,0.0,0.7071067811865475,0,0.5,0.17391304347826084
predis,RESAMPLE_150_25_25,50,1405425273,50,46,50.0,17.391304347826086,$la$exp$lt$entropy$ld$age$ndev$nuc$sexp$Buggy,SVM,CFS,1.0,0.76,0.61,0.5396341224844705,1,0.618421052631579,0.6304347826086957
predis,RESAMPLE_300_25_25,50,1405425273,50,46,50.0,17.391304347826086,$lt$la$exp$entropy$sexp$ndev$nuc$ld$age$ns$Buggy,KNN,CFS,1.0,0.61,0.76,0.4279856833497524,0,0.6973684210526316,0.5
predis,RESAMPLE_300_25_25,50,1405425273,50,46,50.0,17.391304347826086,$lt$la$exp$entropy$sexp$ndev$nuc$ld$age$ns$Buggy,DT,CFS,0.0,0.08,0.0,0.7093069458917659,3,0.4605263157894737,0.2391304347826087
predis,RESAMPLE_300_25_25,50,1405425273,50,46,50.0,17.391304347826086,$lt$la$exp$entropy$sexp$ndev$nuc$ld$age$ns$Buggy,LR,CFS,1.0,0.53,0.82,0.3721614637823934,0,0.736842105263158,0.43478260869565216
predis,RESAMPLE_300_25_25,50,1405425273,50,46,50.0,17.391304347826086,$lt$la$exp$entropy$sexp$ndev$nuc$ld$age$ns$Buggy,RF,CFS,0.88,0.39,0.81,0.2927816375007451,0,0.7401315789473685,0.3478260869565217
predis,RESAMPLE_300_25_25,50,1405425273,50,46,50.0,17.391304347826086,$lt$la$exp$entropy$sexp$ndev$nuc$ld$age$ns$Buggy,NB,CFS,0.0,0.0,0.0,0.7071067811865475,0,0.5,0.17391304347826084
predis,RESAMPLE_300_25_25,50,1405425273,50,46,50.0,17.391304347826086,$lt$la$exp$entropy$sexp$ndev$nuc$ld$age$ns$Buggy,SVM,CFS,1.0,0.47,0.85,0.3349453174041541,0,0.7631578947368421,0.39130434782608703
predis,RESAMPLE_25_25,50,1405425273,50,46,50.0,17.391304347826086,$la$exp$entropy$nuc$lt$sexp$ld$age$Buggy,KNN,CFS,0.62,0.37,0.62,0.3717250812241223,6,0.6282894736842104,0.3695652173913043
predis,RESAMPLE_25_25,50,1405425273,50,46,50.0,17.391304347826086,$la$exp$entropy$nuc$lt$sexp$ld$age$Buggy,DT,CFS,0.88,0.39,0.81,0.2927816375007451,0,0.7401315789473685,0.3478260869565217
predis,RESAMPLE_25_25,50,1405425273,50,46,50.0,17.391304347826086,$la$exp$entropy$nuc$lt$sexp$ld$age$Buggy,LR,CFS,1.0,0.37,0.89,0.2605130246476754,0,0.8157894736842105,0.3043478260869565
predis,RESAMPLE_25_25,50,1405425273,50,46,50.0,17.391304347826086,$la$exp$entropy$nuc$lt$sexp$ld$age$Buggy,RF,CFS,0.88,0.45,0.79,0.3284535767464899,0,0.7138157894736842,0.39130434782608703
predis,RESAMPLE_25_25,50,1405425273,50,46,50.0,17.391304347826086,$la$exp$entropy$nuc$lt$sexp$ld$age$Buggy,NB,CFS,0.75,0.24,0.75,0.24350994109633875,2,0.7565789473684209,0.2391304347826087
predis,RESAMPLE_25_25,50,1405425273,50,46,50.0,17.391304347826086,$la$exp$entropy$nuc$lt$sexp$ld$age$Buggy,SVM,CFS,1.0,0.55,0.8,0.3907695369715131,1,0.7236842105263157,0.4565217391304348
predis,RESAMPLE_150_25_25,50,1406893390,50,81,50.0,32.09876543209877,$lt$ld$nf$la$age$exp$entropy$ndev$Buggy,KNN,CFS,0.96,0.44,0.84,0.30975192742041513,0,0.7625874125874127,0.308641975308642
predis,RESAMPLE_150_25_25,50,1406893390,50,81,50.0,32.09876543209877,$lt$ld$nf$la$age$exp$entropy$ndev$Buggy,DT,CFS,0.27,0.58,0.29,0.6605058914700414,0,0.3437062937062937,0.6296296296296297
predis,RESAMPLE_150_25_25,50,1406893390,50,81,50.0,32.09876543209877,$lt$ld$nf$la$age$exp$entropy$ndev$Buggy,LR,CFS,1.0,0.35,0.9,0.2442732516826255,0,0.8272727272727273,0.2345679012345679
predis,RESAMPLE_150_25_25,50,1406893390,50,81,50.0,32.09876543209877,$lt$ld$nf$la$age$exp$entropy$ndev$Buggy,RF,CFS,1.0,0.45,0.86,0.3214121732666125,0,0.7727272727272727,0.308641975308642
predis,RESAMPLE_150_25_25,50,1406893390,50,81,50.0,32.09876543209877,$lt$ld$nf$la$age$exp$entropy$ndev$Buggy,NB,CFS,1.0,0.25,0.94,0.17999081702930295,0,0.8727272727272728,0.1728395061728395
predis,RESAMPLE_150_25_25,50,1406893390,50,81,50.0,32.09876543209877,$lt$ld$nf$la$age$exp$entropy$ndev$Buggy,SVM,CFS,1.0,0.45,0.86,0.3214121732666125,0,0.7727272727272727,0.308641975308642
predis,RESAMPLE_300_25_25,50,1406893390,50,81,50.0,32.09876543209877,$la$ld$age$entropy$exp$lt$sexp$nuc$ndev$Buggy,KNN,CFS,0.04,0.25,0.05,0.7033312169410311,5,0.39195804195804207,0.4814814814814815
predis,RESAMPLE_300_25_25,50,1406893390,50,81,50.0,32.09876543209877,$la$ld$age$entropy$exp$lt$sexp$nuc$ndev$Buggy,DT,CFS,0.5,0.09,0.55,0.35934973411004306,3,0.7045454545454545,0.2222222222222222
predis,RESAMPLE_300_25_25,50,1406893390,50,81,50.0,32.09876543209877,$la$ld$age$entropy$exp$lt$sexp$nuc$ndev$Buggy,LR,CFS,0.58,0.75,0.46,0.6060926340828932,0,0.4157342657342657,0.6419753086419753
predis,RESAMPLE_300_25_25,50,1406893390,50,81,50.0,32.09876543209877,$la$ld$age$entropy$exp$lt$sexp$nuc$ndev$Buggy,RF,CFS,0.23,0.27,0.27,0.5771031717208878,0,0.4790209790209791,0.4320987654320987
predis,RESAMPLE_300_25_25,50,1406893390,50,81,50.0,32.09876543209877,$la$ld$age$entropy$exp$lt$sexp$nuc$ndev$Buggy,NB,CFS,0.08,0.47,0.1,0.7333287394809115,7,0.3020979020979021,0.6172839506172839
predis,RESAMPLE_300_25_25,50,1406893390,50,81,50.0,32.09876543209877,$la$ld$age$entropy$exp$lt$sexp$nuc$ndev$Buggy,SVM,CFS,0.81,0.58,0.68,0.4332981913272457,0,0.612937062937063,0.4567901234567901
predis,RESAMPLE_25_25,50,1406893390,50,81,50.0,32.09876543209877,$ld$entropy$lt$ns$age$la$exp$sexp$nf$nuc$Buggy,KNN,CFS,0.92,0.29,0.87,0.2127736578348778,0,0.8160839160839162,0.2222222222222222
predis,RESAMPLE_25_25,50,1406893390,50,81,50.0,32.09876543209877,$ld$entropy$lt$ns$age$la$exp$sexp$nf$nuc$Buggy,DT,CFS,0.31,0.38,0.34,0.5590505633640593,0,0.4629370629370629,0.4814814814814815
predis,RESAMPLE_25_25,50,1406893390,50,81,50.0,32.09876543209877,$ld$entropy$lt$ns$age$la$exp$sexp$nf$nuc$Buggy,LR,CFS,0.96,0.29,0.9,0.20749384221511505,0,0.8353146853146854,0.20987654320987653
predis,RESAMPLE_25_25,50,1406893390,50,81,50.0,32.09876543209877,$ld$entropy$lt$ns$age$la$exp$sexp$nf$nuc$Buggy,RF,CFS,0.27,0.22,0.31,0.5392712556887198,3,0.5255244755244756,0.382716049382716
predis,RESAMPLE_25_25,50,1406893390,50,81,50.0,32.09876543209877,$ld$entropy$lt$ns$age$la$exp$sexp$nf$nuc$Buggy,NB,CFS,0.69,0.87,0.37,0.6543422074018308,5,0.40979020979020975,0.6913580246913579
predis,RESAMPLE_25_25,50,1406893390,50,81,50.0,32.09876543209877,$ld$entropy$lt$ns$age$la$exp$sexp$nf$nuc$Buggy,SVM,CFS,1.0,0.47,0.85,0.33426866019727697,0,0.7636363636363637,0.32098765432098764
predis,RESAMPLE_150_25_25,50,1420206669,50,58,50.0,12.06896551724138,$lt$la$ld$age$entropy$ndev$exp$nuc$sexp$ns$Buggy,KNN,CFS,0.71,0.76,0.51,0.5772381395777719,20,0.4747899159663866,0.7068965517241379
predis,RESAMPLE_150_25_25,50,1420206669,50,58,50.0,12.06896551724138,$lt$la$ld$age$entropy$ndev$exp$nuc$sexp$ns$Buggy,DT,CFS,0.29,0.41,0.32,0.5829898175110066,16,0.4369747899159664,0.4482758620689655
predis,RESAMPLE_150_25_25,50,1420206669,50,58,50.0,12.06896551724138,$lt$la$ld$age$entropy$ndev$exp$nuc$sexp$ns$Buggy,LR,CFS,1.0,0.57,0.79,0.4020803265570564,5,0.7156862745098039,0.5
predis,RESAMPLE_150_25_25,50,1420206669,50,58,50.0,12.06896551724138,$lt$la$ld$age$entropy$ndev$exp$nuc$sexp$ns$Buggy,RF,CFS,0.14,0.22,0.17,0.6249857784633739,9,0.4635854341736694,0.29310344827586204
predis,RESAMPLE_150_25_25,50,1420206669,50,58,50.0,12.06896551724138,$lt$la$ld$age$entropy$ndev$exp$nuc$sexp$ns$Buggy,NB,CFS,0.0,0.0,0.0,0.7071067811865475,0,0.5,0.1206896551724138
predis,RESAMPLE_150_25_25,50,1420206669,50,58,50.0,12.06896551724138,$lt$la$ld$age$entropy$ndev$exp$nuc$sexp$ns$Buggy,SVM,CFS,0.29,0.43,0.32,0.5900365911027582,11,0.4271708683473389,0.4655172413793103
predis,RESAMPLE_300_25_25,50,1420206669,50,58,50.0,12.06896551724138,$la$age$nf$exp$ld$lt$entropy$sexp$Buggy,KNN,CFS,0.86,0.55,0.73,0.4011425513838805,7,0.6540616246498598,0.5
predis,RESAMPLE_300_25_25,50,1420206669,50,58,50.0,12.06896551724138,$la$age$nf$exp$ld$lt$entropy$sexp$Buggy,DT,CFS,1.0,0.53,0.82,0.3743506488634663,3,0.7352941176470589,0.4655172413793103
predis,RESAMPLE_300_25_25,50,1420206669,50,58,50.0,12.06896551724138,$la$age$nf$exp$ld$lt$entropy$sexp$Buggy,LR,CFS,0.86,0.35,0.81,0.2692356192201815,3,0.7521008403361344,0.3275862068965517
predis,RESAMPLE_300_25_25,50,1420206669,50,58,50.0,12.06896551724138,$la$age$nf$exp$ld$lt$entropy$sexp$Buggy,RF,CFS,0.43,0.27,0.47,0.44826679817601706,0,0.57703081232493,0.3103448275862069
predis,RESAMPLE_300_25_25,50,1420206669,50,58,50.0,12.06896551724138,$la$age$nf$exp$ld$lt$entropy$sexp$Buggy,NB,CFS,0.71,0.25,0.72,0.2707468030032047,3,0.7296918767507004,0.25862068965517243
predis,RESAMPLE_300_25_25,50,1420206669,50,58,50.0,12.06896551724138,$la$age$nf$exp$ld$lt$entropy$sexp$Buggy,SVM,CFS,0.57,0.41,0.57,0.420252092438655,5,0.5798319327731093,0.4137931034482759
predis,RESAMPLE_25_25,50,1420206669,50,58,50.0,12.06896551724138,$exp$ns$la$entropy$ld$age$nf$lt$Buggy,KNN,CFS,0.71,0.31,0.71,0.3000469432105534,3,0.700280112044818,0.3103448275862069
predis,RESAMPLE_25_25,50,1420206669,50,58,50.0,12.06896551724138,$exp$ns$la$entropy$ld$age$nf$lt$Buggy,DT,CFS,0.71,0.27,0.71,0.28016806162577,3,0.7198879551820728,0.27586206896551724
predis,RESAMPLE_25_25,50,1420206669,50,58,50.0,12.06896551724138,$exp$ns$la$entropy$ld$age$nf$lt$Buggy,LR,CFS,0.29,0.25,0.33,0.5362737599604985,8,0.5154061624649859,0.3103448275862069
predis,RESAMPLE_25_25,50,1420206669,50,58,50.0,12.06896551724138,$exp$ns$la$entropy$ld$age$nf$lt$Buggy,RF,CFS,0.43,0.27,0.47,0.44826679817601706,7,0.57703081232493,0.3103448275862069
predis,RESAMPLE_25_25,50,1420206669,50,58,50.0,12.06896551724138,$exp$ns$la$entropy$ld$age$nf$lt$Buggy,NB,CFS,0.86,0.47,0.76,0.3477509528833371,3,0.6932773109243697,0.4310344827586207
predis,RESAMPLE_25_25,50,1420206669,50,58,50.0,12.06896551724138,$exp$ns$la$entropy$ld$age$nf$lt$Buggy,SVM,CFS,0.29,0.27,0.33,0.5410913573888013,8,0.5056022408963585,0.3275862068965517
predis,RESAMPLE_150_25_25,50,1438255239,50,81,50.0,23.456790123456788,$lt$la$exp$entropy$sexp$ndev$nuc$ld$age$ns$Buggy,KNN,CFS,0.84,0.81,0.5,0.5810744151469119,0,0.5178268251273345,0.654320987654321
predis,RESAMPLE_150_25_25,50,1438255239,50,81,50.0,23.456790123456788,$lt$la$exp$entropy$sexp$ndev$nuc$ld$age$ns$Buggy,DT,CFS,0.0,0.0,0.0,0.7071067811865475,0,0.5,0.2345679012345679
predis,RESAMPLE_150_25_25,50,1438255239,50,81,50.0,23.456790123456788,$lt$la$exp$entropy$sexp$ndev$nuc$ld$age$ns$Buggy,LR,CFS,0.95,0.68,0.68,0.4804513843317483,0,0.6349745331069611,0.5308641975308642
predis,RESAMPLE_150_25_25,50,1438255239,50,81,50.0,23.456790123456788,$lt$la$exp$entropy$sexp$ndev$nuc$ld$age$ns$Buggy,RF,CFS,0.89,0.63,0.69,0.4509777788847895,0,0.6328522920203736,0.5061728395061729
predis,RESAMPLE_150_25_25,50,1438255239,50,81,50.0,23.456790123456788,$lt$la$exp$entropy$sexp$ndev$nuc$ld$age$ns$Buggy,NB,CFS,0.0,0.0,0.0,0.7071067811865475,0,0.5,0.2345679012345679
predis,RESAMPLE_150_25_25,50,1438255239,50,81,50.0,23.456790123456788,$lt$la$exp$entropy$sexp$ndev$nuc$ld$age$ns$Buggy,SVM,CFS,0.95,0.85,0.46,0.6056068455134272,0,0.5462648556876061,0.6666666666666666
predis,RESAMPLE_300_25_25,50,1438255239,50,81,50.0,23.456790123456788,$la$exp$sexp$entropy$ld$lt$age$Buggy,KNN,CFS,0.89,0.69,0.65,0.4960290806265845,0,0.6005942275042444,0.5555555555555556
predis,RESAMPLE_300_25_25,50,1438255239,50,81,50.0,23.456790123456788,$la$exp$sexp$entropy$ld$lt$age$Buggy,DT,CFS,0.11,0.11,0.13,0.6376916006260397,6,0.4961799660441426,0.2962962962962963
predis,RESAMPLE_300_25_25,50,1438255239,50,81,50.0,23.456790123456788,$la$exp$sexp$entropy$ld$lt$age$Buggy,LR,CFS,0.21,0.26,0.25,0.5873099660936519,0,0.4762308998302207,0.382716049382716
predis,RESAMPLE_300_25_25,50,1438255239,50,81,50.0,23.456790123456788,$la$exp$sexp$entropy$ld$lt$age$Buggy,RF,CFS,0.05,0.06,0.06,0.6714422000861515,2,0.4940577249575552,0.2716049382716049
predis,RESAMPLE_300_25_25,50,1438255239,50,81,50.0,23.456790123456788,$la$exp$sexp$entropy$ld$lt$age$Buggy,NB,CFS,0.0,0.0,0.0,0.7071067811865475,0,0.5,0.2345679012345679
predis,RESAMPLE_300_25_25,50,1438255239,50,81,50.0,23.456790123456788,$la$exp$sexp$entropy$ld$lt$age$Buggy,SVM,CFS,0.79,0.69,0.6,0.5125088754765258,0,0.547962648556876,0.5802469135802469
predis,RESAMPLE_25_25,50,1438255239,50,81,50.0,23.456790123456788,$la$exp$entropy$lt$sexp$ld$age$nf$Buggy,KNN,CFS,0.84,0.66,0.65,0.4807471469812646,0,0.5904074702886248,0.5432098765432098
predis,RESAMPLE_25_25,50,1438255239,50,81,50.0,23.456790123456788,$la$exp$entropy$lt$sexp$ld$age$nf$Buggy,DT,CFS,0.74,0.42,0.7,0.3500789613155484,0,0.6587436332767402,0.382716049382716
predis,RESAMPLE_25_25,50,1438255239,50,81,50.0,23.456790123456788,$la$exp$entropy$lt$sexp$ld$age$nf$Buggy,LR,CFS,0.74,0.37,0.72,0.3216124555416337,0,0.682937181663837,0.34567901234567894
predis,RESAMPLE_25_25,50,1438255239,50,81,50.0,23.456790123456788,$la$exp$entropy$lt$sexp$ld$age$nf$Buggy,RF,CFS,0.42,0.55,0.43,0.5638743048366767,0,0.4363327674023769,0.5555555555555556
predis,RESAMPLE_25_25,50,1438255239,50,81,50.0,23.456790123456788,$la$exp$entropy$lt$sexp$ld$age$nf$Buggy,NB,CFS,0.74,0.58,0.64,0.4507775953240088,0,0.5780984719864176,0.5061728395061729
predis,RESAMPLE_25_25,50,1438255239,50,81,50.0,23.456790123456788,$la$exp$entropy$lt$sexp$ld$age$nf$Buggy,SVM,CFS,0.84,0.68,0.63,0.4918474002333098,0,0.5823429541595926,0.5555555555555556
predis,RESAMPLE_150_25_25,50,1464629152,50,114,50.0,26.315789473684212,$lt$la$exp$entropy$sexp$ld$ndev$age$Buggy,KNN,CFS,0.9,0.68,0.66,0.4850047338292016,0,0.6107142857142858,0.5263157894736842
predis,RESAMPLE_150_25_25,50,1464629152,50,114,50.0,26.315789473684212,$lt$la$exp$entropy$sexp$ld$ndev$age$Buggy,DT,CFS,0.4,0.39,0.43,0.5071177056137349,0,0.5035714285714286,0.4473684210526316
predis,RESAMPLE_150_25_25,50,1464629152,50,114,50.0,26.315789473684212,$lt$la$exp$entropy$sexp$ld$ndev$age$Buggy,LR,CFS,0.93,0.69,0.66,0.4905108633144412,0,0.6214285714285714,0.5263157894736842
predis,RESAMPLE_150_25_25,50,1464629152,50,114,50.0,26.315789473684212,$lt$la$exp$entropy$sexp$ld$ndev$age$Buggy,RF,CFS,0.93,0.69,0.66,0.4905108633144412,0,0.6214285714285714,0.5263157894736842
predis,RESAMPLE_150_25_25,50,1464629152,50,114,50.0,26.315789473684212,$lt$la$exp$entropy$sexp$ld$ndev$age$Buggy,NB,CFS,0.0,0.0,0.0,0.7071067811865475,0,0.5,0.2631578947368421
predis,RESAMPLE_150_25_25,50,1464629152,50,114,50.0,26.315789473684212,$lt$la$exp$entropy$sexp$ld$ndev$age$Buggy,SVM,CFS,0.87,0.4,0.8,0.3013386610810692,0,0.730952380952381,0.3333333333333333
predis,RESAMPLE_300_25_25,50,1464629152,50,114,50.0,26.315789473684212,$lt$la$ld$ndev$entropy$age$exp$sexp$nuc$nf$Buggy,KNN,CFS,0.73,0.39,0.7,0.3357438352412361,4,0.6702380952380953,0.35964912280701755
predis,RESAMPLE_300_25_25,50,1464629152,50,114,50.0,26.315789473684212,$lt$la$ld$ndev$entropy$age$exp$sexp$nuc$nf$Buggy,DT,CFS,0.97,0.68,0.69,0.4804010276761388,0,0.644047619047619,0.5087719298245614
predis,RESAMPLE_300_25_25,50,1464629152,50,114,50.0,26.315789473684212,$lt$la$ld$ndev$entropy$age$exp$sexp$nuc$nf$Buggy,LR,CFS,0.77,0.43,0.72,0.3450492094123673,0,0.669047619047619,0.3771929824561404
predis,RESAMPLE_300_25_25,50,1464629152,50,114,50.0,26.315789473684212,$lt$la$ld$ndev$entropy$age$exp$sexp$nuc$nf$Buggy,RF,CFS,0.63,0.37,0.63,0.3678590691889769,2,0.6321428571428571,0.3684210526315789
predis,RESAMPLE_300_25_25,50,1464629152,50,114,50.0,26.315789473684212,$lt$la$ld$ndev$entropy$age$exp$sexp$nuc$nf$Buggy,NB,CFS,0.13,0.04,0.16,0.6133459958763865,0,0.5488095238095237,0.2543859649122807
predis,RESAMPLE_300_25_25,50,1464629152,50,114,50.0,26.315789473684212,$lt$la$ld$ndev$entropy$age$exp$sexp$nuc$nf$Buggy,SVM,CFS,0.87,0.42,0.79,0.30934518655450977,0,0.725,0.34210526315789475
predis,RESAMPLE_25_25,50,1464629152,50,114,50.0,26.315789473684212,$la$lt$entropy$ld$exp$age$Buggy,KNN,CFS,0.63,0.21,0.66,0.30030219096052496,0,0.7095238095238094,0.2543859649122807
predis,RESAMPLE_25_25,50,1464629152,50,114,50.0,26.315789473684212,$la$lt$entropy$ld$exp$age$Buggy,DT,CFS,0.03,0.06,0.04,0.684831193924704,0,0.486904761904762,0.2982456140350877
predis,RESAMPLE_25_25,50,1464629152,50,114,50.0,26.315789473684212,$la$lt$entropy$ld$exp$age$Buggy,LR,CFS,0.9,0.2,0.88,0.1596215052657713,0,0.8488095238095238,0.17543859649122806
predis,RESAMPLE_25_25,50,1464629152,50,114,50.0,26.315789473684212,$la$lt$entropy$ld$exp$age$Buggy,RF,CFS,0.4,0.17,0.45,0.4403281604540968,0,0.6166666666666667,0.2807017543859649
predis,RESAMPLE_25_25,50,1464629152,50,114,50.0,26.315789473684212,$la$lt$entropy$ld$exp$age$Buggy,NB,CFS,0.77,0.2,0.78,0.21840615184910167,0,0.7821428571428573,0.21052631578947367
predis,RESAMPLE_25_25,50,1464629152,50,114,50.0,26.315789473684212,$la$lt$entropy$ld$exp$age$Buggy,SVM,CFS,0.7,0.15,0.73,0.2386956714789073,0,0.7726190476190476,0.19298245614035087
predis,ALL,302,1290975819,442,47,50.0,27.659574468085108,$entropy$la$ld$ndev$fix$exp$Buggy,KNN,CFS,0.62,0.09,0.66,0.2790290855904344,1,0.7635746606334842,0.1702127659574468
predis,ALL,302,1290975819,442,47,50.0,27.659574468085108,$entropy$la$ld$ndev$fix$exp$Buggy,DT,CFS,0.31,0.06,0.36,0.4912993733157305,2,0.6244343891402715,0.23404255319148934
predis,ALL,302,1290975819,442,47,50.0,27.659574468085108,$entropy$la$ld$ndev$fix$exp$Buggy,LR,CFS,0.77,0.21,0.77,0.218680110117973,4,0.7816742081447965,0.2127659574468085
predis,ALL,302,1290975819,442,47,50.0,27.659574468085108,$entropy$la$ld$ndev$fix$exp$Buggy,RF,CFS,0.69,0.26,0.7,0.28700501769591663,4,0.7138009049773756,0.2765957446808511
predis,ALL,302,1290975819,442,47,50.0,27.659574468085108,$entropy$la$ld$ndev$fix$exp$Buggy,NB,CFS,0.0,0.0,0.0,0.7071067811865475,0,0.5,0.2765957446808511
predis,ALL,302,1290975819,442,47,50.0,27.659574468085108,$entropy$la$ld$ndev$fix$exp$Buggy,SVM,CFS,0.54,0.06,0.59,0.328996929386694,1,0.7398190045248867,0.1702127659574468
predis,3MONTHS,47,1290975819,78,47,50.0,27.659574468085108,$entropy$ld$ns$la$ndev$age$Buggy,KNN,CFS,0.23,0.09,0.27,0.5474949513280412,2,0.5712669683257918,0.2765957446808511
predis,3MONTHS,47,1290975819,78,47,50.0,27.659574468085108,$entropy$ld$ns$la$ndev$age$Buggy,DT,CFS,0.77,0.53,0.68,0.4083694739318911,11,0.6199095022624435,0.44680851063829785
predis,3MONTHS,47,1290975819,78,47,50.0,27.659574468085108,$entropy$ld$ns$la$ndev$age$Buggy,LR,CFS,0.69,0.09,0.73,0.22634047731354354,2,0.8020361990950226,0.14893617021276595
predis,3MONTHS,47,1290975819,78,47,50.0,27.659574468085108,$entropy$ld$ns$la$ndev$age$Buggy,RF,CFS,0.46,0.15,0.51,0.3946942652105687,2,0.6572398190045249,0.2553191489361702
predis,3MONTHS,47,1290975819,78,47,50.0,27.659574468085108,$entropy$ld$ns$la$ndev$age$Buggy,NB,CFS,0.0,0.0,0.0,0.7071067811865475,0,0.5,0.2765957446808511
predis,3MONTHS,47,1290975819,78,47,50.0,27.659574468085108,$entropy$ld$ns$la$ndev$age$Buggy,SVM,CFS,0.23,0.03,0.27,0.5443257426552941,1,0.6006787330316742,0.23404255319148934
predis,6MONTHS,47,1290975819,78,47,50.0,27.659574468085108,$entropy$la$age$ns$ld$ndev$Buggy,KNN,CFS,0.23,0.09,0.27,0.5474949513280412,2,0.5712669683257918,0.2765957446808511
predis,6MONTHS,47,1290975819,78,47,50.0,27.659574468085108,$entropy$la$age$ns$ld$ndev$Buggy,DT,CFS,0.77,0.53,0.68,0.4083694739318911,11,0.6199095022624435,0.44680851063829785
predis,6MONTHS,47,1290975819,78,47,50.0,27.659574468085108,$entropy$la$age$ns$ld$ndev$Buggy,LR,CFS,0.69,0.09,0.73,0.22634047731354354,2,0.8020361990950226,0.14893617021276595
predis,6MONTHS,47,1290975819,78,47,50.0,27.659574468085108,$entropy$la$age$ns$ld$ndev$Buggy,RF,CFS,0.31,0.09,0.36,0.49349539408004106,2,0.6097285067873303,0.2553191489361702
predis,6MONTHS,47,1290975819,78,47,50.0,27.659574468085108,$entropy$la$age$ns$ld$ndev$Buggy,NB,CFS,0.0,0.0,0.0,0.7071067811865475,0,0.5,0.2765957446808511
predis,6MONTHS,47,1290975819,78,47,50.0,27.659574468085108,$entropy$la$age$ns$ld$ndev$Buggy,SVM,CFS,0.23,0.03,0.27,0.5443257426552941,1,0.6006787330316742,0.23404255319148934
predis,ALL,349,1293907786,510,24,50.0,58.33333333333334,$entropy$la$ld$ndev$fix$exp$Buggy,KNN,CFS,0.43,0.1,0.48,0.4102015432960351,0,0.6642857142857144,0.375
predis,ALL,349,1293907786,510,24,50.0,58.33333333333334,$entropy$la$ld$ndev$fix$exp$Buggy,DT,CFS,1.0,0.5,0.83,0.3535533905932737,0,0.75,0.20833333333333331
predis,ALL,349,1293907786,510,24,50.0,58.33333333333334,$entropy$la$ld$ndev$fix$exp$Buggy,LR,CFS,0.79,0.2,0.79,0.20726597326495586,0,0.7928571428571429,0.20833333333333331
predis,ALL,349,1293907786,510,24,50.0,58.33333333333334,$entropy$la$ld$ndev$fix$exp$Buggy,RF,CFS,0.57,0.3,0.59,0.3699144964635444,0,0.6357142857142857,0.375
predis,ALL,349,1293907786,510,24,50.0,58.33333333333334,$entropy$la$ld$ndev$fix$exp$Buggy,NB,CFS,0.0,0.0,0.0,0.7071067811865475,0,0.5,0.5833333333333334
predis,ALL,349,1293907786,510,24,50.0,58.33333333333334,$entropy$la$ld$ndev$fix$exp$Buggy,SVM,CFS,0.43,0.1,0.48,0.4102015432960351,0,0.6642857142857144,0.375
predis,6MONTHS,47,1293907786,68,24,50.0,58.33333333333334,$entropy$ld$age$nf$la$ns$Buggy,KNN,CFS,0.79,0.2,0.79,0.20726597326495586,0,0.7928571428571429,0.20833333333333331
predis,6MONTHS,47,1293907786,68,24,50.0,58.33333333333334,$entropy$ld$age$nf$la$ns$Buggy,DT,CFS,0.5,0.3,0.53,0.412310562561766,0,0.5999999999999999,0.4166666666666667
predis,6MONTHS,47,1293907786,68,24,50.0,58.33333333333334,$entropy$ld$age$nf$la$ns$Buggy,LR,CFS,0.71,0.2,0.73,0.24660966430902956,0,0.7571428571428572,0.25
predis,6MONTHS,47,1293907786,68,24,50.0,58.33333333333334,$entropy$ld$age$nf$la$ns$Buggy,RF,CFS,0.57,0.1,0.62,0.31118601301131377,0,0.7357142857142858,0.2916666666666667
predis,6MONTHS,47,1293907786,68,24,50.0,58.33333333333334,$entropy$ld$age$nf$la$ns$Buggy,NB,CFS,0.79,0.2,0.79,0.20726597326495586,0,0.7928571428571429,0.20833333333333331
predis,6MONTHS,47,1293907786,68,24,50.0,58.33333333333334,$entropy$ld$age$nf$la$ns$Buggy,SVM,CFS,0.57,0.2,0.6,0.3344199974491321,0,0.6857142857142857,0.3333333333333333
predis,RECENT_RELEASE,1290975819,1293907786,68,24,50.0,58.33333333333334,$entropy$ld$la$nf$age$ns$ndev$nuc$Buggy,KNN,CFS,0.79,0.2,0.79,0.20726597326495586,0,0.7928571428571429,0.20833333333333331
predis,RECENT_RELEASE,1290975819,1293907786,68,24,50.0,58.33333333333334,$entropy$ld$la$nf$age$ns$ndev$nuc$Buggy,DT,CFS,0.43,0.4,0.46,0.4932193286180591,0,0.5142857142857142,0.5
predis,RECENT_RELEASE,1290975819,1293907786,68,24,50.0,58.33333333333334,$entropy$ld$la$nf$age$ns$ndev$nuc$Buggy,LR,CFS,0.71,0.2,0.73,0.24660966430902956,0,0.7571428571428572,0.25
predis,RECENT_RELEASE,1290975819,1293907786,68,24,50.0,58.33333333333334,$entropy$ld$la$nf$age$ns$ndev$nuc$Buggy,RF,CFS,0.64,0.2,0.67,0.2894399941336401,0,0.7214285714285714,0.2916666666666667
predis,RECENT_RELEASE,1290975819,1293907786,68,24,50.0,58.33333333333334,$entropy$ld$la$nf$age$ns$ndev$nuc$Buggy,NB,CFS,0.79,0.2,0.79,0.20726597326495586,0,0.7928571428571429,0.20833333333333331
predis,RECENT_RELEASE,1290975819,1293907786,68,24,50.0,58.33333333333334,$entropy$ld$la$nf$age$ns$ndev$nuc$Buggy,SVM,CFS,0.64,0.2,0.67,0.2894399941336401,0,0.7214285714285714,0.2916666666666667
predis,ALL,373,1297511168,530,66,50.0,13.636363636363635,$entropy$la$ld$ndev$fix$exp$Buggy,KNN,CFS,0.22,0.04,0.26,0.55053129777084,1,0.5935672514619883,0.13636363636363635
predis,ALL,373,1297511168,530,66,50.0,13.636363636363635,$entropy$la$ld$ndev$fix$exp$Buggy,DT,CFS,0.22,0.4,0.25,0.6195795350999149,11,0.4093567251461989,0.4545454545454545
predis,ALL,373,1297511168,530,66,50.0,13.636363636363635,$entropy$la$ld$ndev$fix$exp$Buggy,LR,CFS,0.33,0.02,0.38,0.4715677212531794,0,0.6578947368421052,0.10606060606060606
predis,ALL,373,1297511168,530,66,50.0,13.636363636363635,$entropy$la$ld$ndev$fix$exp$Buggy,RF,CFS,0.22,0.28,0.26,0.5846929734998946,9,0.4707602339181287,0.3484848484848485
predis,ALL,373,1297511168,530,66,50.0,13.636363636363635,$entropy$la$ld$ndev$fix$exp$Buggy,NB,CFS,0.89,0.96,0.17,0.6868046987540951,15,0.4619883040935672,0.8484848484848485
predis,ALL,373,1297511168,530,66,50.0,13.636363636363635,$entropy$la$ld$ndev$fix$exp$Buggy,SVM,CFS,0.33,0.02,0.38,0.4715677212531794,0,0.6578947368421052,0.10606060606060606
predis,3MONTHS,24,1297511168,28,66,50.0,13.636363636363635,$ns$age$nf$exp$sexp$entropy$Buggy,KNN,CFS,0.11,0.0,0.13,0.6285393610547089,0,0.5555555555555556,0.12121212121212123
predis,3MONTHS,24,1297511168,28,66,50.0,13.636363636363635,$ns$age$nf$exp$sexp$entropy$Buggy,DT,CFS,0.22,0.05,0.26,0.5512296956385021,0,0.5847953216374271,0.15151515151515152
predis,3MONTHS,24,1297511168,28,66,50.0,13.636363636363635,$ns$age$nf$exp$sexp$entropy$Buggy,LR,CFS,0.22,0.02,0.26,0.5501118334558558,0,0.6023391812865497,0.12121212121212123
predis,3MONTHS,24,1297511168,28,66,50.0,13.636363636363635,$ns$age$nf$exp$sexp$entropy$Buggy,RF,CFS,0.22,0.0,0.26,0.5499719409228703,0,0.6111111111111112,0.10606060606060606
predis,3MONTHS,24,1297511168,28,66,50.0,13.636363636363635,$ns$age$nf$exp$sexp$entropy$Buggy,NB,CFS,0.0,0.0,0.0,0.7071067811865475,0,0.5,0.13636363636363635
predis,3MONTHS,24,1297511168,28,66,50.0,13.636363636363635,$ns$age$nf$exp$sexp$entropy$Buggy,SVM,CFS,0.0,0.0,0.0,0.7071067811865475,0,0.5,0.13636363636363635
predis,6MONTHS,71,1297511168,88,66,50.0,13.636363636363635,$entropy$ld$ns$la$nf$age$exp$ndev$sexp$Buggy,KNN,CFS,0.22,0.02,0.26,0.5501118334558558,0,0.6023391812865497,0.12121212121212123
predis,6MONTHS,71,1297511168,88,66,50.0,13.636363636363635,$entropy$ld$ns$la$nf$age$exp$ndev$sexp$Buggy,DT,CFS,0.33,0.28,0.37,0.5114870083197632,13,0.5263157894736842,0.3333333333333333
predis,6MONTHS,71,1297511168,88,66,50.0,13.636363636363635,$entropy$ld$ns$la$nf$age$exp$ndev$sexp$Buggy,LR,CFS,0.22,0.02,0.26,0.5501118334558558,0,0.6023391812865497,0.12121212121212123
predis,6MONTHS,71,1297511168,88,66,50.0,13.636363636363635,$entropy$ld$ns$la$nf$age$exp$ndev$sexp$Buggy,RF,CFS,0.0,0.0,0.0,0.7071067811865475,0,0.5,0.13636363636363635
predis,6MONTHS,71,1297511168,88,66,50.0,13.636363636363635,$entropy$ld$ns$la$nf$age$exp$ndev$sexp$Buggy,NB,CFS,1.0,0.93,0.27,0.6574852526822283,15,0.5350877192982456,0.803030303030303
predis,6MONTHS,71,1297511168,88,66,50.0,13.636363636363635,$entropy$ld$ns$la$nf$age$exp$ndev$sexp$Buggy,SVM,CFS,0.33,0.04,0.38,0.4720569841078495,0,0.6491228070175439,0.12121212121212123
predis,RECENT_RELEASE,1293907786,1297511168,28,66,50.0,13.636363636363635,$ns$age$nf$exp$sexp$ld$entropy$ndev$Buggy,KNN,CFS,0.11,0.02,0.13,0.6286617706690584,0,0.5467836257309941,0.13636363636363635
predis,RECENT_RELEASE,1293907786,1297511168,28,66,50.0,13.636363636363635,$ns$age$nf$exp$sexp$ld$entropy$ndev$Buggy,DT,CFS,0.44,0.07,0.49,0.3959586894430098,0,0.6871345029239766,0.13636363636363635
predis,RECENT_RELEASE,1293907786,1297511168,28,66,50.0,13.636363636363635,$ns$age$nf$exp$sexp$ld$entropy$ndev$Buggy,LR,CFS,0.11,0.14,0.13,0.6363261056718336,0,0.4853801169590644,0.24242424242424246
predis,RECENT_RELEASE,1293907786,1297511168,28,66,50.0,13.636363636363635,$ns$age$nf$exp$sexp$ld$entropy$ndev$Buggy,RF,CFS,0.22,0.04,0.26,0.55053129777084,0,0.5935672514619883,0.13636363636363635
predis,RECENT_RELEASE,1293907786,1297511168,28,66,50.0,13.636363636363635,$ns$age$nf$exp$sexp$ld$entropy$ndev$Buggy,NB,CFS,0.0,0.0,0.0,0.7071067811865475,0,0.5,0.13636363636363635
predis,RECENT_RELEASE,1293907786,1297511168,28,66,50.0,13.636363636363635,$ns$age$nf$exp$sexp$ld$entropy$ndev$Buggy,SVM,CFS,0.0,0.0,0.0,0.7071067811865475,0,0.5,0.13636363636363635
predis,ALL,454,1301690090,670,108,50.0,48.148148148148145,$entropy$la$ld$ndev$fix$exp$Buggy,KNN,CFS,0.67,0.29,0.68,0.3070108721902829,0,0.6936813186813187,0.3055555555555556
predis,ALL,454,1301690090,670,108,50.0,48.148148148148145,$entropy$la$ld$ndev$fix$exp$Buggy,DT,CFS,0.6,0.29,0.62,0.3498030653364517,0,0.6552197802197803,0.3425925925925926
predis,ALL,454,1301690090,670,108,50.0,48.148148148148145,$entropy$la$ld$ndev$fix$exp$Buggy,LR,CFS,0.65,0.29,0.66,0.3173760689374082,0,0.6840659340659341,0.3148148148148148
predis,ALL,454,1301690090,670,108,50.0,48.148148148148145,$entropy$la$ld$ndev$fix$exp$Buggy,RF,CFS,0.65,0.32,0.66,0.3340200680630677,0,0.6662087912087913,0.3333333333333333
predis,ALL,454,1301690090,670,108,50.0,48.148148148148145,$entropy$la$ld$ndev$fix$exp$Buggy,NB,CFS,0.04,0.32,0.05,0.7168934856547252,1,0.3585164835164835,0.6296296296296297
predis,ALL,454,1301690090,670,108,50.0,48.148148148148145,$entropy$la$ld$ndev$fix$exp$Buggy,SVM,CFS,0.65,0.29,0.66,0.3173760689374082,0,0.6840659340659341,0.3148148148148148
predis,3MONTHS,105,1301690090,160,108,50.0,48.148148148148145,$entropy$ns$la$nf$fix$age$Buggy,KNN,CFS,0.65,0.3,0.66,0.3255595932022266,0,0.6751373626373626,0.3240740740740741
predis,3MONTHS,105,1301690090,160,108,50.0,48.148148148148145,$entropy$ns$la$nf$fix$age$Buggy,DT,CFS,0.48,0.41,0.5,0.4681275553766153,0,0.5350274725274725,0.462962962962963
predis,3MONTHS,105,1301690090,160,108,50.0,48.148148148148145,$entropy$ns$la$nf$fix$age$Buggy,LR,CFS,0.65,0.29,0.66,0.3173760689374082,0,0.6840659340659341,0.3148148148148148
predis,3MONTHS,105,1301690090,160,108,50.0,48.148148148148145,$entropy$ns$la$nf$fix$age$Buggy,RF,CFS,0.65,0.43,0.63,0.3895484274097738,0,0.6126373626373626,0.3888888888888889
predis,3MONTHS,105,1301690090,160,108,50.0,48.148148148148145,$entropy$ns$la$nf$fix$age$Buggy,NB,CFS,0.46,0.38,0.49,0.4639858987094149,0,0.5432692307692308,0.4537037037037037
predis,3MONTHS,105,1301690090,160,108,50.0,48.148148148148145,$entropy$ns$la$nf$fix$age$Buggy,SVM,CFS,0.65,0.29,0.66,0.3173760689374082,0,0.6840659340659341,0.3148148148148148
predis,6MONTHS,105,1301690090,160,108,50.0,48.148148148148145,$ns$entropy$la$nf$fix$ld$Buggy,KNN,CFS,0.69,0.38,0.67,0.34300113426417245,0,0.6586538461538461,0.3425925925925926
predis,6MONTHS,105,1301690090,160,108,50.0,48.148148148148145,$ns$entropy$la$nf$fix$ld$Buggy,DT,CFS,0.58,0.43,0.58,0.4258330378375965,2,0.5741758241758241,0.4259259259259259
predis,6MONTHS,105,1301690090,160,108,50.0,48.148148148148145,$ns$entropy$la$nf$fix$ld$Buggy,LR,CFS,0.65,0.29,0.66,0.3173760689374082,0,0.6840659340659341,0.3148148148148148
predis,6MONTHS,105,1301690090,160,108,50.0,48.148148148148145,$ns$entropy$la$nf$fix$ld$Buggy,RF,CFS,0.58,0.32,0.6,0.3757062744823734,1,0.6277472527472527,0.3703703703703704
predis,6MONTHS,105,1301690090,160,108,50.0,48.148148148148145,$ns$entropy$la$nf$fix$ld$Buggy,NB,CFS,0.56,0.32,0.58,0.3866215340647545,0,0.6181318681318682,0.3796296296296297
predis,6MONTHS,105,1301690090,160,108,50.0,48.148148148148145,$ns$entropy$la$nf$fix$ld$Buggy,SVM,CFS,0.65,0.29,0.66,0.3173760689374082,0,0.6840659340659341,0.3148148148148148
predis,ALL,562,1323624241,782,276,50.0,39.492753623188406,$entropy$la$ld$fix$exp$nf$Buggy,KNN,CFS,0.58,0.37,0.59,0.3974491204959197,1,0.6033620831731032,0.39130434782608703
predis,ALL,562,1323624241,782,276,50.0,39.492753623188406,$entropy$la$ld$fix$exp$nf$Buggy,DT,CFS,0.66,0.45,0.63,0.3980693498715727,0,0.6057243311542053,0.4057971014492754
predis,ALL,562,1323624241,782,276,50.0,39.492753623188406,$entropy$la$ld$fix$exp$nf$Buggy,LR,CFS,0.62,0.36,0.62,0.3678107923452301,3,0.6322858869417131,0.3659420289855073
predis,ALL,562,1323624241,782,276,50.0,39.492753623188406,$entropy$la$ld$fix$exp$nf$Buggy,RF,CFS,0.56,0.32,0.58,0.383825340948665,0,0.6211338790309291,0.3659420289855073
predis,ALL,562,1323624241,782,276,50.0,39.492753623188406,$entropy$la$ld$fix$exp$nf$Buggy,NB,CFS,0.63,0.41,0.62,0.387600912780844,3,0.6129209470966324,0.39130434782608703
predis,ALL,562,1323624241,782,276,50.0,39.492753623188406,$entropy$la$ld$fix$exp$nf$Buggy,SVM,CFS,0.6,0.33,0.61,0.3683849549182873,2,0.6334944789320441,0.35869565217391297
predis,3MONTHS,189,1323624241,252,276,50.0,39.492753623188406,$entropy$la$ld$ns$nf$lt$ndev$age$Buggy,KNN,CFS,0.72,0.41,0.69,0.35468148713593944,0,0.6512113387903093,0.3623188405797101
predis,3MONTHS,189,1323624241,252,276,50.0,39.492753623188406,$entropy$la$ld$ns$nf$lt$ndev$age$Buggy,DT,CFS,0.7,0.47,0.66,0.3971391042235877,0,0.6120969071032247,0.4057971014492754
predis,3MONTHS,189,1323624241,252,276,50.0,39.492753623188406,$entropy$la$ld$ns$nf$lt$ndev$age$Buggy,LR,CFS,0.63,0.35,0.63,0.3572742870015884,0,0.6428610668571114,0.355072463768116
predis,3MONTHS,189,1323624241,252,276,50.0,39.492753623188406,$entropy$la$ld$ns$nf$lt$ndev$age$Buggy,RF,CFS,0.64,0.38,0.64,0.3676504460917728,0,0.6324781629401748,0.3695652173913043
predis,3MONTHS,189,1323624241,252,276,50.0,39.492753623188406,$entropy$la$ld$ns$nf$lt$ndev$age$Buggy,NB,CFS,0.72,0.51,0.66,0.4122791288984167,0,0.6033071471735428,0.42028985507246375
predis,3MONTHS,189,1323624241,252,276,50.0,39.492753623188406,$entropy$la$ld$ns$nf$lt$ndev$age$Buggy,SVM,CFS,0.6,0.33,0.61,0.3683849549182873,3,0.6334944789320441,0.35869565217391297
predis,6MONTHS,213,1323624241,272,276,50.0,39.492753623188406,$entropy$ns$la$nf$age$ld$lt$Buggy,KNN,CFS,0.7,0.39,0.68,0.34867776786860616,0,0.6540130747678954,0.355072463768116
predis,6MONTHS,213,1323624241,272,276,50.0,39.492753623188406,$entropy$ns$la$nf$age$ld$lt$Buggy,DT,CFS,0.54,0.42,0.55,0.4393839491184892,0,0.5610613635115091,0.43478260869565216
predis,6MONTHS,213,1323624241,272,276,50.0,39.492753623188406,$entropy$ns$la$nf$age$ld$lt$Buggy,LR,CFS,0.6,0.32,0.61,0.3630908708274752,2,0.63948250288414,0.35144927536231885
predis,6MONTHS,213,1323624241,272,276,50.0,39.492753623188406,$entropy$ns$la$nf$age$ld$lt$Buggy,RF,CFS,0.57,0.37,0.58,0.40234265912486783,0,0.5987749272098006,0.394927536231884
predis,6MONTHS,213,1323624241,272,276,50.0,39.492753623188406,$entropy$ns$la$nf$age$ld$lt$Buggy,NB,CFS,0.66,0.4,0.65,0.368386077278034,3,0.6326704389386365,0.37318840579710144
predis,6MONTHS,213,1323624241,272,276,50.0,39.492753623188406,$entropy$ns$la$nf$age$ld$lt$Buggy,SVM,CFS,0.6,0.33,0.61,0.3683849549182873,3,0.6334944789320441,0.35869565217391297
predis,RECENT_RELEASE,1301690090,1323624241,112,276,50.0,39.492753623188406,$la$ndev$entropy$exp$lt$ld$nf$age$Buggy,KNN,CFS,0.72,0.48,0.67,0.3939331191956982,0,0.6182772070537823,0.4021739130434783
predis,RECENT_RELEASE,1301690090,1323624241,112,276,50.0,39.492753623188406,$la$ndev$entropy$exp$lt$ld$nf$age$Buggy,DT,CFS,0.65,0.54,0.6,0.453858833184815,0,0.556226995550184,0.463768115942029
predis,RECENT_RELEASE,1301690090,1323624241,112,276,50.0,39.492753623188406,$la$ndev$entropy$exp$lt$ld$nf$age$Buggy,LR,CFS,0.64,0.36,0.64,0.3585405681641806,0,0.6414601988683185,0.35869565217391297
predis,RECENT_RELEASE,1301690090,1323624241,112,276,50.0,39.492753623188406,$la$ndev$entropy$exp$lt$ld$nf$age$Buggy,RF,CFS,0.52,0.33,0.54,0.4099121695578023,3,0.5967972312256221,0.38768115942028986
predis,RECENT_RELEASE,1301690090,1323624241,112,276,50.0,39.492753623188406,$la$ndev$entropy$exp$lt$ld$nf$age$Buggy,NB,CFS,0.83,0.51,0.73,0.3804256567678374,0,0.6583530187331759,0.37681159420289856
predis,RECENT_RELEASE,1301690090,1323624241,112,276,50.0,39.492753623188406,$la$ndev$entropy$exp$lt$ld$nf$age$Buggy,SVM,CFS,0.6,0.32,0.61,0.3657229819532484,3,0.6364884909080921,0.355072463768116
predis,ALL,838,1325002763,1116,29,50.0,20.689655172413797,$entropy$la$ld$ns$exp$fix$Buggy,KNN,CFS,0.83,0.22,0.82,0.19369661455976314,0,0.8079710144927537,0.20689655172413796
predis,ALL,838,1325002763,1116,29,50.0,20.689655172413797,$entropy$la$ld$ns$exp$fix$Buggy,DT,CFS,0.33,0.35,0.37,0.5317082993578012,5,0.4927536231884058,0.4137931034482759
predis,ALL,838,1325002763,1116,29,50.0,20.689655172413797,$entropy$la$ld$ns$exp$fix$Buggy,LR,CFS,0.67,0.48,0.63,0.4122163087921128,0,0.5942028985507246,0.4482758620689655
predis,ALL,838,1325002763,1116,29,50.0,20.689655172413797,$entropy$la$ld$ns$exp$fix$Buggy,RF,CFS,0.67,0.3,0.68,0.31916979051514843,0,0.681159420289855,0.3103448275862069
predis,ALL,838,1325002763,1116,29,50.0,20.689655172413797,$entropy$la$ld$ns$exp$fix$Buggy,NB,CFS,0.67,0.7,0.54,0.5454553410596757,0,0.4855072463768116,0.6206896551724138
predis,ALL,838,1325002763,1116,29,50.0,20.689655172413797,$entropy$la$ld$ns$exp$fix$Buggy,SVM,CFS,0.67,0.43,0.65,0.3873932291195264,0,0.6159420289855073,0.4137931034482759
predis,RECENT_RELEASE,1323624241,1325002763,334,29,50.0,20.689655172413797,$la$entropy$ld$age$ns$exp$lt$sexp$ndev$Buggy,KNN,CFS,0.5,0.3,0.53,0.4139007122752124,0,0.5978260869565217,0.3448275862068966
predis,RECENT_RELEASE,1323624241,1325002763,334,29,50.0,20.689655172413797,$la$entropy$ld$age$ns$exp$lt$sexp$ndev$Buggy,DT,CFS,0.5,0.3,0.53,0.4139007122752124,6,0.5978260869565217,0.3448275862068966
predis,RECENT_RELEASE,1323624241,1325002763,334,29,50.0,20.689655172413797,$la$entropy$ld$age$ns$exp$lt$sexp$ndev$Buggy,LR,CFS,0.67,0.3,0.68,0.31916979051514843,0,0.681159420289855,0.3103448275862069
predis,RECENT_RELEASE,1323624241,1325002763,334,29,50.0,20.689655172413797,$la$entropy$ld$age$ns$exp$lt$sexp$ndev$Buggy,RF,CFS,0.33,0.17,0.38,0.4871807627238148,0,0.5797101449275363,0.27586206896551724
predis,RECENT_RELEASE,1323624241,1325002763,334,29,50.0,20.689655172413797,$la$entropy$ld$age$ns$exp$lt$sexp$ndev$Buggy,NB,CFS,1.0,0.96,0.17,0.6763630080914802,0,0.5217391304347826,0.7586206896551724
predis,RECENT_RELEASE,1323624241,1325002763,334,29,50.0,20.689655172413797,$la$entropy$ld$age$ns$exp$lt$sexp$ndev$Buggy,SVM,CFS,0.5,0.3,0.53,0.4139007122752124,3,0.5978260869565217,0.3448275862068966
predis,ALL,867,1333274960,1162,38,50.0,34.21052631578947,$entropy$la$ld$ns$exp$fix$Buggy,KNN,CFS,0.62,0.16,0.65,0.2945581386440037,0,0.7276923076923076,0.2368421052631579
predis,ALL,867,1333274960,1162,38,50.0,34.21052631578947,$entropy$la$ld$ns$exp$fix$Buggy,DT,CFS,0.23,0.2,0.27,0.5620124448494717,1,0.5153846153846154,0.3947368421052632
predis,ALL,867,1333274960,1162,38,50.0,34.21052631578947,$entropy$la$ld$ns$exp$fix$Buggy,LR,CFS,0.85,0.4,0.78,0.30304177851680325,2,0.7230769230769232,0.3157894736842105
predis,ALL,867,1333274960,1162,38,50.0,34.21052631578947,$entropy$la$ld$ns$exp$fix$Buggy,RF,CFS,0.92,0.68,0.67,0.48389934891633896,2,0.6215384615384616,0.4736842105263158
predis,ALL,867,1333274960,1162,38,50.0,34.21052631578947,$entropy$la$ld$ns$exp$fix$Buggy,NB,CFS,0.85,0.56,0.72,0.4106510922019169,2,0.6430769230769231,0.42105263157894735
predis,ALL,867,1333274960,1162,38,50.0,34.21052631578947,$entropy$la$ld$ns$exp$fix$Buggy,SVM,CFS,0.69,0.2,0.71,0.2594942737451231,0,0.7461538461538462,0.2368421052631579
predis,3MONTHS,29,1333274960,46,38,50.0,34.21052631578947,$ndev$la$entropy$fix$nuc$ld$lt$Buggy,KNN,CFS,0.38,0.08,0.43,0.4388041846040617,0,0.6523076923076923,0.2631578947368421
predis,3MONTHS,29,1333274960,46,38,50.0,34.21052631578947,$ndev$la$entropy$fix$nuc$ld$lt$Buggy,DT,CFS,0.23,0.12,0.27,0.5505070282618383,3,0.5553846153846154,0.34210526315789475
predis,3MONTHS,29,1333274960,46,38,50.0,34.21052631578947,$ndev$la$entropy$fix$nuc$ld$lt$Buggy,LR,CFS,0.38,0.04,0.43,0.4360609044916036,0,0.6723076923076923,0.2368421052631579
predis,3MONTHS,29,1333274960,46,38,50.0,34.21052631578947,$ndev$la$entropy$fix$nuc$ld$lt$Buggy,RF,CFS,0.0,0.0,0.0,0.7071067811865475,0,0.5,0.34210526315789475
predis,3MONTHS,29,1333274960,46,38,50.0,34.21052631578947,$ndev$la$entropy$fix$nuc$ld$lt$Buggy,NB,CFS,0.92,0.88,0.39,0.6246267524543412,2,0.5215384615384616,0.6052631578947368
predis,3MONTHS,29,1333274960,46,38,50.0,34.21052631578947,$ndev$la$entropy$fix$nuc$ld$lt$Buggy,SVM,CFS,0.15,0.12,0.18,0.6043080056399001,0,0.5169230769230769,0.3684210526315789
predis,6MONTHS,29,1333274960,46,38,50.0,34.21052631578947,$ndev$entropy$fix$la$nuc$ld$Buggy,KNN,CFS,0.38,0.08,0.43,0.4388041846040617,0,0.6523076923076923,0.2631578947368421
predis,6MONTHS,29,1333274960,46,38,50.0,34.21052631578947,$ndev$entropy$fix$la$nuc$ld$Buggy,DT,CFS,0.38,0.2,0.42,0.4575468417834785,2,0.5923076923076923,0.34210526315789475
predis,6MONTHS,29,1333274960,46,38,50.0,34.21052631578947,$ndev$entropy$fix$la$nuc$ld$Buggy,LR,CFS,0.46,0.0,0.52,0.3807498052542948,0,0.7307692307692308,0.18421052631578946
predis,6MONTHS,29,1333274960,46,38,50.0,34.21052631578947,$ndev$entropy$fix$la$nuc$ld$Buggy,RF,CFS,0.46,0.2,0.5,0.40616550099827947,1,0.6307692307692307,0.3157894736842105
predis,6MONTHS,29,1333274960,46,38,50.0,34.21052631578947,$ndev$entropy$fix$la$nuc$ld$Buggy,NB,CFS,0.92,0.88,0.39,0.6246267524543412,2,0.5215384615384616,0.6052631578947368
predis,6MONTHS,29,1333274960,46,38,50.0,34.21052631578947,$ndev$entropy$fix$la$nuc$ld$Buggy,SVM,CFS,0.38,0.12,0.43,0.4433385979429668,0,0.6323076923076923,0.2894736842105263
predis,RECENT_RELEASE,1325002763,1333274960,46,38,50.0,34.21052631578947,$ndev$la$fix$entropy$ld$nuc$ns$Buggy,KNN,CFS,0.38,0.08,0.43,0.4388041846040617,0,0.6523076923076923,0.2631578947368421
predis,RECENT_RELEASE,1325002763,1333274960,46,38,50.0,34.21052631578947,$ndev$la$fix$entropy$ld$nuc$ns$Buggy,DT,CFS,0.62,0.12,0.66,0.28489383468481744,2,0.7476923076923078,0.21052631578947367
predis,RECENT_RELEASE,1325002763,1333274960,46,38,50.0,34.21052631578947,$ndev$la$fix$entropy$ld$nuc$ns$Buggy,LR,CFS,0.54,0.12,0.59,0.33720746690968306,0,0.7092307692307691,0.2368421052631579
predis,RECENT_RELEASE,1325002763,1333274960,46,38,50.0,34.21052631578947,$ndev$la$fix$entropy$ld$nuc$ns$Buggy,RF,CFS,0.46,0.08,0.51,0.3849291028243817,1,0.6907692307692308,0.2368421052631579
predis,RECENT_RELEASE,1325002763,1333274960,46,38,50.0,34.21052631578947,$ndev$la$fix$entropy$ld$nuc$ns$Buggy,NB,CFS,0.92,0.88,0.39,0.6246267524543412,2,0.5215384615384616,0.6052631578947368
predis,RECENT_RELEASE,1325002763,1333274960,46,38,50.0,34.21052631578947,$ndev$la$fix$entropy$ld$nuc$ns$Buggy,SVM,CFS,0.38,0.16,0.43,0.4496099558795773,0,0.6123076923076922,0.3157894736842105
predis,ALL,905,1338549451,1212,25,50.0,48.0,$entropy$la$ld$ns$exp$lt$Buggy,KNN,CFS,0.75,0.0,0.79,0.17677669529663687,0,0.875,0.12
predis,ALL,905,1338549451,1212,25,50.0,48.0,$entropy$la$ld$ns$exp$lt$Buggy,DT,CFS,0.5,0.23,0.54,0.38939339867916506,0,0.6346153846153846,0.36
predis,ALL,905,1338549451,1212,25,50.0,48.0,$entropy$la$ld$ns$exp$lt$Buggy,LR,CFS,0.83,0.15,0.83,0.16038456414354876,0,0.8397435897435898,0.16
predis,ALL,905,1338549451,1212,25,50.0,48.0,$entropy$la$ld$ns$exp$lt$Buggy,RF,CFS,0.58,0.0,0.63,0.2946278254943948,0,0.7916666666666667,0.2
predis,ALL,905,1338549451,1212,25,50.0,48.0,$entropy$la$ld$ns$exp$lt$Buggy,NB,CFS,0.83,0.15,0.83,0.16038456414354876,0,0.8397435897435898,0.16
predis,ALL,905,1338549451,1212,25,50.0,48.0,$entropy$la$ld$ns$exp$lt$Buggy,SVM,CFS,0.92,0.0,0.93,0.058925565098878974,0,0.9583333333333331,0.04
predis,3MONTHS,38,1338549451,50,25,50.0,48.0,$la$entropy$ns$ndev$ld$Buggy,KNN,CFS,0.58,0.0,0.63,0.2946278254943948,0,0.7916666666666667,0.2
predis,3MONTHS,38,1338549451,50,25,50.0,48.0,$la$entropy$ns$ndev$ld$Buggy,DT,CFS,0.42,0.15,0.47,0.4265831787770306,0,0.6314102564102564,0.36
predis,3MONTHS,38,1338549451,50,25,50.0,48.0,$la$entropy$ns$ndev$ld$Buggy,LR,CFS,0.67,0.0,0.72,0.23570226039551584,0,0.8333333333333333,0.16
predis,3MONTHS,38,1338549451,50,25,50.0,48.0,$la$entropy$ns$ndev$ld$Buggy,RF,CFS,0.5,0.0,0.56,0.3535533905932737,0,0.75,0.24
predis,3MONTHS,38,1338549451,50,25,50.0,48.0,$la$entropy$ns$ndev$ld$Buggy,NB,CFS,0.0,0.0,0.0,0.7071067811865475,0,0.5,0.48
predis,3MONTHS,38,1338549451,50,25,50.0,48.0,$la$entropy$ns$ndev$ld$Buggy,SVM,CFS,0.5,0.0,0.56,0.3535533905932737,0,0.75,0.24
predis,6MONTHS,67,1338549451,96,25,50.0,48.0,$la$entropy$ndev$ld$fix$lt$exp$Buggy,KNN,CFS,0.58,0.0,0.63,0.2946278254943948,0,0.7916666666666667,0.2
predis,6MONTHS,67,1338549451,96,25,50.0,48.0,$la$entropy$ndev$ld$fix$lt$exp$Buggy,DT,CFS,0.5,0.23,0.54,0.38939339867916506,0,0.6346153846153846,0.36
predis,6MONTHS,67,1338549451,96,25,50.0,48.0,$la$entropy$ndev$ld$fix$lt$exp$Buggy,LR,CFS,0.58,0.0,0.63,0.2946278254943948,0,0.7916666666666667,0.2
predis,6MONTHS,67,1338549451,96,25,50.0,48.0,$la$entropy$ndev$ld$fix$lt$exp$Buggy,RF,CFS,0.67,0.08,0.71,0.2418969521040155,0,0.7948717948717948,0.2
predis,6MONTHS,67,1338549451,96,25,50.0,48.0,$la$entropy$ndev$ld$fix$lt$exp$Buggy,NB,CFS,0.75,0.23,0.75,0.24057684621532316,0,0.7596153846153846,0.24
predis,6MONTHS,67,1338549451,96,25,50.0,48.0,$la$entropy$ndev$ld$fix$lt$exp$Buggy,SVM,CFS,0.58,0.0,0.63,0.2946278254943948,0,0.7916666666666667,0.2
predis,RECENT_RELEASE,1333274960,1338549451,50,25,50.0,48.0,$entropy$la$ld$ns$ndev$nf$age$lt$Buggy,KNN,CFS,0.58,0.0,0.63,0.2946278254943948,0,0.7916666666666667,0.2
predis,RECENT_RELEASE,1333274960,1338549451,50,25,50.0,48.0,$entropy$la$ld$ns$ndev$nf$age$lt$Buggy,DT,CFS,0.33,0.15,0.38,0.483793904208031,0,0.5897435897435898,0.4
predis,RECENT_RELEASE,1333274960,1338549451,50,25,50.0,48.0,$entropy$la$ld$ns$ndev$nf$age$lt$Buggy,LR,CFS,0.58,0.0,0.63,0.2946278254943948,0,0.7916666666666667,0.2
predis,RECENT_RELEASE,1333274960,1338549451,50,25,50.0,48.0,$entropy$la$ld$ns$ndev$nf$age$lt$Buggy,RF,CFS,0.5,0.0,0.56,0.3535533905932737,0,0.75,0.24
predis,RECENT_RELEASE,1333274960,1338549451,50,25,50.0,48.0,$entropy$la$ld$ns$ndev$nf$age$lt$Buggy,NB,CFS,0.0,0.0,0.0,0.7071067811865475,0,0.5,0.48
predis,RECENT_RELEASE,1333274960,1338549451,50,25,50.0,48.0,$entropy$la$ld$ns$ndev$nf$age$lt$Buggy,SVM,CFS,0.58,0.0,0.63,0.2946278254943948,0,0.7916666666666667,0.2
predis,ALL,930,1350956765,1238,72,50.0,44.444444444444436,$entropy$la$ld$ns$exp$fix$Buggy,KNN,CFS,0.75,0.18,0.76,0.21578345627040085,0,0.7874999999999999,0.20833333333333331
predis,ALL,930,1350956765,1238,72,50.0,44.444444444444436,$entropy$la$ld$ns$exp$fix$Buggy,DT,CFS,0.59,0.3,0.61,0.35709876960023257,0,0.646875,0.3472222222222222
predis,ALL,930,1350956765,1238,72,50.0,44.444444444444436,$entropy$la$ld$ns$exp$fix$Buggy,LR,CFS,0.78,0.22,0.78,0.22189700595095915,1,0.7781250000000001,0.2222222222222222
predis,ALL,930,1350956765,1238,72,50.0,44.444444444444436,$entropy$la$ld$ns$exp$fix$Buggy,RF,CFS,0.88,0.55,0.74,0.39882640333859537,0,0.6625,0.3611111111111111
predis,ALL,930,1350956765,1238,72,50.0,44.444444444444436,$entropy$la$ld$ns$exp$fix$Buggy,NB,CFS,0.84,0.32,0.8,0.25498927673531685,1,0.759375,0.25
predis,ALL,930,1350956765,1238,72,50.0,44.444444444444436,$entropy$la$ld$ns$exp$fix$Buggy,SVM,CFS,0.69,0.18,0.71,0.2532599948669351,0,0.75625,0.2361111111111111
predis,6MONTHS,25,1350956765,26,72,50.0,44.444444444444436,$entropy$la$ns$ld$nf$lt$age$Buggy,KNN,CFS,0.72,0.22,0.73,0.2546827070101148,1,0.746875,0.25
predis,6MONTHS,25,1350956765,26,72,50.0,44.444444444444436,$entropy$la$ns$ld$nf$lt$age$Buggy,DT,CFS,0.88,0.4,0.8,0.29633173977824245,0,0.7375,0.2777777777777778
predis,6MONTHS,25,1350956765,26,72,50.0,44.444444444444436,$entropy$la$ns$ld$nf$lt$age$Buggy,LR,CFS,0.75,0.2,0.76,0.2263846284534354,1,0.7750000000000001,0.2222222222222222
predis,6MONTHS,25,1350956765,26,72,50.0,44.444444444444436,$entropy$la$ns$ld$nf$lt$age$Buggy,RF,CFS,0.56,0.28,0.59,0.36539789955608665,0,0.64375,0.3472222222222222
predis,6MONTHS,25,1350956765,26,72,50.0,44.444444444444436,$entropy$la$ns$ld$nf$lt$age$Buggy,NB,CFS,0.88,0.95,0.2,0.6775415116433826,1,0.4625,0.5833333333333334
predis,6MONTHS,25,1350956765,26,72,50.0,44.444444444444436,$entropy$la$ns$ld$nf$lt$age$Buggy,SVM,CFS,0.75,0.2,0.76,0.2263846284534354,1,0.7750000000000001,0.2222222222222222
predis,RECENT_RELEASE,1338549451,1350956765,26,72,50.0,44.444444444444436,$entropy$ns$la$ld$nf$lt$age$Buggy,KNN,CFS,0.72,0.22,0.73,0.2546827070101148,1,0.746875,0.25
predis,RECENT_RELEASE,1338549451,1350956765,26,72,50.0,44.444444444444436,$entropy$ns$la$ld$nf$lt$age$Buggy,DT,CFS,0.81,0.38,0.76,0.2964635306407856,0,0.71875,0.2916666666666667
predis,RECENT_RELEASE,1338549451,1350956765,26,72,50.0,44.444444444444436,$entropy$ns$la$ld$nf$lt$age$Buggy,LR,CFS,0.75,0.2,0.76,0.2263846284534354,1,0.7750000000000001,0.2222222222222222
predis,RECENT_RELEASE,1338549451,1350956765,26,72,50.0,44.444444444444436,$entropy$ns$la$ld$nf$lt$age$Buggy,RF,CFS,0.78,0.35,0.75,0.29184890140276354,0,0.7156250000000001,0.2916666666666667
predis,RECENT_RELEASE,1338549451,1350956765,26,72,50.0,44.444444444444436,$entropy$ns$la$ld$nf$lt$age$Buggy,NB,CFS,0.88,0.95,0.2,0.6775415116433826,1,0.4625,0.5833333333333334
predis,RECENT_RELEASE,1338549451,1350956765,26,72,50.0,44.444444444444436,$entropy$ns$la$ld$nf$lt$age$Buggy,SVM,CFS,0.75,0.2,0.76,0.2263846284534354,1,0.7750000000000001,0.2222222222222222
predis,ALL,1039,1361199825,1378,32,50.0,37.5,$entropy$la$ld$ns$exp$fix$Buggy,KNN,CFS,0.42,0.15,0.47,0.42589774463935454,0,0.6333333333333333,0.3125
predis,ALL,1039,1361199825,1378,32,50.0,37.5,$entropy$la$ld$ns$exp$fix$Buggy,DT,CFS,0.42,0.25,0.46,0.4487637339278753,0,0.5833333333333334,0.375
predis,ALL,1039,1361199825,1378,32,50.0,37.5,$entropy$la$ld$ns$exp$fix$Buggy,LR,CFS,0.83,0.4,0.77,0.30641293851417056,0,0.7166666666666668,0.3125
predis,ALL,1039,1361199825,1378,32,50.0,37.5,$entropy$la$ld$ns$exp$fix$Buggy,RF,CFS,0.58,0.2,0.61,0.3268111925187929,0,0.6916666666666668,0.28125
predis,ALL,1039,1361199825,1378,32,50.0,37.5,$entropy$la$ld$ns$exp$fix$Buggy,NB,CFS,0.75,0.55,0.66,0.42720018726587655,2,0.6,0.4375
predis,ALL,1039,1361199825,1378,32,50.0,37.5,$entropy$la$ld$ns$exp$fix$Buggy,SVM,CFS,0.42,0.15,0.47,0.42589774463935454,0,0.6333333333333333,0.3125
predis,6MONTHS,37,1361199825,60,32,50.0,37.5,$entropy$ld$la$ns$ndev$age$Buggy,KNN,CFS,0.33,0.05,0.38,0.4727284867894278,0,0.6416666666666666,0.28125
predis,6MONTHS,37,1361199825,60,32,50.0,37.5,$entropy$ld$la$ns$ndev$age$Buggy,DT,CFS,0.33,0.3,0.37,0.5169354139756941,0,0.5166666666666666,0.4375
predis,6MONTHS,37,1361199825,60,32,50.0,37.5,$entropy$ld$la$ns$ndev$age$Buggy,LR,CFS,0.25,0.2,0.29,0.5488624600025037,1,0.525,0.40625
predis,6MONTHS,37,1361199825,60,32,50.0,37.5,$entropy$ld$la$ns$ndev$age$Buggy,RF,CFS,0.17,0.05,0.2,0.5903153582808279,0,0.5583333333333333,0.34375
predis,6MONTHS,37,1361199825,60,32,50.0,37.5,$entropy$ld$la$ns$ndev$age$Buggy,NB,CFS,0.92,0.6,0.73,0.4283365758632132,0,0.6583333333333332,0.40625
predis,6MONTHS,37,1361199825,60,32,50.0,37.5,$entropy$ld$la$ns$ndev$age$Buggy,SVM,CFS,0.08,0.1,0.1,0.6520267547339517,1,0.4916666666666666,0.40625
predis,ALL,1071,1374923634,1418,27,50.0,29.62962962962963,$entropy$la$ld$ns$exp$lt$Buggy,KNN,CFS,0.5,0.16,0.54,0.3707632316738255,1,0.6710526315789473,0.25925925925925924
predis,ALL,1071,1374923634,1418,27,50.0,29.62962962962963,$entropy$la$ld$ns$exp$lt$Buggy,DT,CFS,0.75,0.16,0.77,0.20908221818514086,0,0.7960526315789473,0.1851851851851852
predis,ALL,1071,1374923634,1418,27,50.0,29.62962962962963,$entropy$la$ld$ns$exp$lt$Buggy,LR,CFS,0.62,0.21,0.65,0.30409400655051483,1,0.7072368421052632,0.25925925925925924
predis,ALL,1071,1374923634,1418,27,50.0,29.62962962962963,$entropy$la$ld$ns$exp$lt$Buggy,RF,CFS,0.5,0.26,0.53,0.3995322750181309,1,0.618421052631579,0.3333333333333333
predis,ALL,1071,1374923634,1418,27,50.0,29.62962962962963,$entropy$la$ld$ns$exp$lt$Buggy,NB,CFS,0.62,0.26,0.64,0.3239421843186889,1,0.6809210526315791,0.2962962962962963
predis,ALL,1071,1374923634,1418,27,50.0,29.62962962962963,$entropy$la$ld$ns$exp$lt$Buggy,SVM,CFS,1.0,0.16,0.96,0.11164843913471803,1,0.9210526315789472,0.1111111111111111
predis,3MONTHS,40,1374923634,50,27,50.0,29.62962962962963,$ld$entropy$la$ns$age$exp$Buggy,KNN,CFS,1.0,0.16,0.96,0.11164843913471803,1,0.9210526315789472,0.1111111111111111
predis,3MONTHS,40,1374923634,50,27,50.0,29.62962962962963,$ld$entropy$la$ns$age$exp$Buggy,DT,CFS,0.5,0.0,0.56,0.3535533905932737,0,0.75,0.14814814814814814
predis,3MONTHS,40,1374923634,50,27,50.0,29.62962962962963,$ld$entropy$la$ns$age$exp$Buggy,LR,CFS,0.5,0.21,0.54,0.3836152562398224,0,0.6447368421052629,0.2962962962962963
predis,3MONTHS,40,1374923634,50,27,50.0,29.62962962962963,$ld$entropy$la$ns$age$exp$Buggy,RF,CFS,0.5,0.11,0.55,0.3613034267827889,0,0.6973684210526315,0.2222222222222222
predis,3MONTHS,40,1374923634,50,27,50.0,29.62962962962963,$ld$entropy$la$ns$age$exp$Buggy,NB,CFS,0.75,0.47,0.69,0.3787325780164277,1,0.6381578947368423,0.4074074074074074
predis,3MONTHS,40,1374923634,50,27,50.0,29.62962962962963,$ld$entropy$la$ns$age$exp$Buggy,SVM,CFS,0.88,0.37,0.82,0.2750991385138825,1,0.7532894736842105,0.2962962962962963
predis,6MONTHS,69,1374923634,100,27,50.0,29.62962962962963,$entropy$ld$la$ns$ndev$age$Buggy,KNN,CFS,0.5,0.16,0.54,0.3707632316738255,1,0.6710526315789473,0.25925925925925924
predis,6MONTHS,69,1374923634,100,27,50.0,29.62962962962963,$entropy$ld$la$ns$ndev$age$Buggy,DT,CFS,0.38,0.11,0.43,0.44816589138954577,0,0.6348684210526316,0.25925925925925924
predis,6MONTHS,69,1374923634,100,27,50.0,29.62962962962963,$entropy$ld$la$ns$ndev$age$Buggy,LR,CFS,0.5,0.05,0.55,0.35550673910806035,1,0.7236842105263158,0.1851851851851852
predis,6MONTHS,69,1374923634,100,27,50.0,29.62962962962963,$entropy$ld$la$ns$ndev$age$Buggy,RF,CFS,0.25,0.05,0.29,0.5316343118641296,0,0.5986842105263158,0.25925925925925924
predis,6MONTHS,69,1374923634,100,27,50.0,29.62962962962963,$entropy$ld$la$ns$ndev$age$Buggy,NB,CFS,1.0,0.74,0.64,0.5210260492953508,1,0.631578947368421,0.5185185185185185
predis,6MONTHS,69,1374923634,100,27,50.0,29.62962962962963,$entropy$ld$la$ns$ndev$age$Buggy,SVM,CFS,0.62,0.16,0.65,0.2877114421798668,1,0.7335526315789472,0.2222222222222222
predis,RECENT_RELEASE,1361199825,1374923634,40,27,50.0,29.62962962962963,$ld$entropy$la$age$exp$ndev$Buggy,KNN,CFS,0.62,0.16,0.65,0.2877114421798668,1,0.7335526315789472,0.2222222222222222
predis,RECENT_RELEASE,1361199825,1374923634,40,27,50.0,29.62962962962963,$ld$entropy$la$age$exp$ndev$Buggy,DT,CFS,0.5,0.11,0.55,0.3613034267827889,1,0.6973684210526315,0.2222222222222222
predis,RECENT_RELEASE,1361199825,1374923634,40,27,50.0,29.62962962962963,$ld$entropy$la$age$exp$ndev$Buggy,LR,CFS,0.62,0.21,0.65,0.30409400655051483,0,0.7072368421052632,0.25925925925925924
predis,RECENT_RELEASE,1361199825,1374923634,40,27,50.0,29.62962962962963,$ld$entropy$la$age$exp$ndev$Buggy,RF,CFS,0.75,0.05,0.78,0.18065171339139446,0,0.8486842105263158,0.1111111111111111
predis,RECENT_RELEASE,1361199825,1374923634,40,27,50.0,29.62962962962963,$ld$entropy$la$age$exp$ndev$Buggy,NB,CFS,0.88,0.68,0.65,0.4918175699999593,1,0.5953947368421053,0.5185185185185185
predis,RECENT_RELEASE,1361199825,1374923634,40,27,50.0,29.62962962962963,$ld$entropy$la$age$exp$ndev$Buggy,SVM,CFS,0.88,0.37,0.82,0.2750991385138825,1,0.7532894736842105,0.2962962962962963
predis,ALL,1098,1389885029,1456,255,50.0,40.392156862745104,$entropy$la$ld$ns$lt$fix$Buggy,KNN,CFS,0.69,0.24,0.7,0.2790838852026057,0,0.7229496678589677,0.27058823529411763
predis,ALL,1098,1389885029,1456,255,50.0,40.392156862745104,$entropy$la$ld$ns$lt$fix$Buggy,DT,CFS,0.63,0.35,0.63,0.35895092140101426,0,0.6411918753193665,0.3568627450980392
predis,ALL,1098,1389885029,1456,255,50.0,40.392156862745104,$entropy$la$ld$ns$lt$fix$Buggy,LR,CFS,0.82,0.21,0.81,0.1979255440305997,0,0.8025038323965253,0.2
predis,ALL,1098,1389885029,1456,255,50.0,40.392156862745104,$entropy$la$ld$ns$lt$fix$Buggy,RF,CFS,0.71,0.18,0.73,0.2412328850523629,0,0.7655531425651508,0.2235294117647059
predis,ALL,1098,1389885029,1456,255,50.0,40.392156862745104,$entropy$la$ld$ns$lt$fix$Buggy,NB,CFS,0.85,0.36,0.8,0.27580619744377,1,0.7462634133878385,0.27450980392156865
predis,ALL,1098,1389885029,1456,255,50.0,40.392156862745104,$entropy$la$ld$ns$lt$fix$Buggy,SVM,CFS,0.71,0.19,0.73,0.2462054579926448,0,0.7589741951967298,0.23137254901960785
predis,6MONTHS,27,1389885029,38,255,50.0,40.392156862745104,$la$lt$ndev$entropy$ld$nuc$ns$age$Buggy,KNN,CFS,0.5,0.11,0.55,0.36466304051805104,0,0.6949412365866121,0.26666666666666666
predis,6MONTHS,27,1389885029,38,255,50.0,40.392156862745104,$la$lt$ndev$entropy$ld$nuc$ns$age$Buggy,DT,CFS,0.6,0.32,0.61,0.3592863509898023,1,0.6430761369443024,0.34901960784313724
predis,6MONTHS,27,1389885029,38,255,50.0,40.392156862745104,$la$lt$ndev$entropy$ld$nuc$ns$age$Buggy,LR,CFS,0.5,0.14,0.55,0.3701118329018161,1,0.6784938681655596,0.28627450980392155
predis,6MONTHS,27,1389885029,38,255,50.0,40.392156862745104,$la$lt$ndev$entropy$ld$nuc$ns$age$Buggy,RF,CFS,0.53,0.1,0.58,0.3368328004155913,0,0.7176481859989781,0.24705882352941175
predis,6MONTHS,27,1389885029,38,255,50.0,40.392156862745104,$la$lt$ndev$entropy$ld$nuc$ns$age$Buggy,NB,CFS,0.57,0.36,0.58,0.3958637879053659,2,0.6054867143587123,0.3882352941176471
predis,6MONTHS,27,1389885029,38,255,50.0,40.392156862745104,$la$lt$ndev$entropy$ld$nuc$ns$age$Buggy,SVM,CFS,0.49,0.11,0.54,0.3713862701323541,0,0.6900868676545734,0.27058823529411763
predis,RECENT_RELEASE,1374923634,1389885029,38,255,50.0,40.392156862745104,$la$ld$ndev$entropy$nuc$ns$lt$Buggy,KNN,CFS,0.58,0.12,0.62,0.3068464838524326,0,0.7320516096065406,0.2392156862745098
predis,RECENT_RELEASE,1374923634,1389885029,38,255,50.0,40.392156862745104,$la$ld$ndev$entropy$nuc$ns$lt$Buggy,DT,CFS,0.67,0.34,0.67,0.33282277242033753,0,0.6671882984159428,0.3333333333333333
predis,RECENT_RELEASE,1374923634,1389885029,38,255,50.0,40.392156862745104,$la$ld$ndev$entropy$nuc$ns$lt$Buggy,LR,CFS,0.8,0.28,0.78,0.24281566578915775,1,0.7599003576903423,0.24705882352941175
predis,RECENT_RELEASE,1374923634,1389885029,38,255,50.0,40.392156862745104,$la$ld$ndev$entropy$nuc$ns$lt$Buggy,RF,CFS,0.62,0.2,0.65,0.30192973636928583,0,0.7119954011241696,0.27058823529411763
predis,RECENT_RELEASE,1374923634,1389885029,38,255,50.0,40.392156862745104,$la$ld$ndev$entropy$nuc$ns$lt$Buggy,NB,CFS,0.88,0.79,0.54,0.5642880820788562,2,0.5470107307102708,0.5176470588235295
predis,RECENT_RELEASE,1374923634,1389885029,38,255,50.0,40.392156862745104,$la$ld$ndev$entropy$nuc$ns$lt$Buggy,SVM,CFS,0.57,0.12,0.61,0.3147312885687526,0,0.7239077669902912,0.24705882352941175
predis,ALL,1353,1405425273,1760,46,50.0,17.391304347826086,$entropy$la$ld$ns$exp$lt$Buggy,KNN,CFS,0.88,0.39,0.81,0.2927816375007451,1,0.7401315789473685,0.3478260869565217
predis,ALL,1353,1405425273,1760,46,50.0,17.391304347826086,$entropy$la$ld$ns$exp$lt$Buggy,DT,CFS,1.0,0.21,0.95,0.14886458551295734,0,0.8947368421052632,0.17391304347826084
predis,ALL,1353,1405425273,1760,46,50.0,17.391304347826086,$entropy$la$ld$ns$exp$lt$Buggy,LR,CFS,1.0,0.39,0.89,0.27912109783679506,0,0.8026315789473684,0.32608695652173914
predis,ALL,1353,1405425273,1760,46,50.0,17.391304347826086,$entropy$la$ld$ns$exp$lt$Buggy,RF,CFS,0.88,0.47,0.78,0.34641141097107275,0,0.7006578947368421,0.4130434782608696
predis,ALL,1353,1405425273,1760,46,50.0,17.391304347826086,$entropy$la$ld$ns$exp$lt$Buggy,NB,CFS,0.88,0.45,0.79,0.3284535767464899,0,0.7138157894736842,0.39130434782608703
predis,ALL,1353,1405425273,1760,46,50.0,17.391304347826086,$entropy$la$ld$ns$exp$lt$Buggy,SVM,CFS,0.75,0.34,0.73,0.2996130930719921,3,0.7039473684210527,0.32608695652173914
predis,6MONTHS,255,1405425273,304,46,50.0,17.391304347826086,$entropy$la$ns$age$ndev$exp$sexp$ld$Buggy,KNN,CFS,0.75,0.32,0.73,0.2848008002883337,3,0.7171052631578948,0.3043478260869565
predis,6MONTHS,255,1405425273,304,46,50.0,17.391304347826086,$entropy$la$ns$age$ndev$exp$sexp$ld$Buggy,DT,CFS,0.75,0.13,0.77,0.19976613750906547,1,0.8092105263157895,0.15217391304347827
predis,6MONTHS,255,1405425273,304,46,50.0,17.391304347826086,$entropy$la$ns$age$ndev$exp$sexp$ld$Buggy,LR,CFS,0.88,0.29,0.84,0.22295741056355972,0,0.7927631578947367,0.2608695652173913
predis,6MONTHS,255,1405425273,304,46,50.0,17.391304347826086,$entropy$la$ns$age$ndev$exp$sexp$ld$Buggy,RF,CFS,0.88,0.13,0.88,0.12833163949428394,0,0.8717105263157895,0.13043478260869565
predis,6MONTHS,255,1405425273,304,46,50.0,17.391304347826086,$entropy$la$ns$age$ndev$exp$sexp$ld$Buggy,NB,CFS,0.88,0.63,0.69,0.4552565028415315,0,0.6217105263157895,0.5434782608695652
predis,6MONTHS,255,1405425273,304,46,50.0,17.391304347826086,$entropy$la$ns$age$ndev$exp$sexp$ld$Buggy,SVM,CFS,0.88,0.32,0.83,0.24015410853215766,0,0.7796052631578947,0.2826086956521739
predis,RECENT_RELEASE,1389885029,1405425273,304,46,50.0,17.391304347826086,$entropy$la$ns$age$exp$ndev$sexp$ld$Buggy,KNN,CFS,0.75,0.29,0.74,0.2704579577775588,2,0.7302631578947368,0.2826086956521739
predis,RECENT_RELEASE,1389885029,1405425273,304,46,50.0,17.391304347826086,$entropy$la$ns$age$exp$ndev$sexp$ld$Buggy,DT,CFS,0.62,0.24,0.64,0.3136233272777112,2,0.6940789473684211,0.2608695652173913
predis,RECENT_RELEASE,1389885029,1405425273,304,46,50.0,17.391304347826086,$entropy$la$ns$age$exp$ndev$sexp$ld$Buggy,LR,CFS,0.88,0.29,0.84,0.22295741056355972,0,0.7927631578947367,0.2608695652173913
predis,RECENT_RELEASE,1389885029,1405425273,304,46,50.0,17.391304347826086,$entropy$la$ns$age$exp$ndev$sexp$ld$Buggy,RF,CFS,0.62,0.18,0.65,0.29543063314891715,3,0.7203947368421052,0.21739130434782608
predis,RECENT_RELEASE,1389885029,1405425273,304,46,50.0,17.391304347826086,$entropy$la$ns$age$exp$ndev$sexp$ld$Buggy,NB,CFS,0.88,0.63,0.69,0.4552565028415315,0,0.6217105263157895,0.5434782608695652
predis,RECENT_RELEASE,1389885029,1405425273,304,46,50.0,17.391304347826086,$entropy$la$ns$age$exp$ndev$sexp$ld$Buggy,SVM,CFS,0.88,0.32,0.83,0.24015410853215766,0,0.7796052631578947,0.2826086956521739
predis,ALL,1399,1406893390,1836,81,50.0,32.09876543209877,$entropy$la$ld$ns$exp$fix$Buggy,KNN,CFS,0.54,0.15,0.58,0.3421803444623013,1,0.6965034965034964,0.2469135802469136
predis,ALL,1399,1406893390,1836,81,50.0,32.09876543209877,$entropy$la$ld$ns$exp$fix$Buggy,DT,CFS,0.42,0.13,0.47,0.4177550620841287,1,0.647902097902098,0.2716049382716049
predis,ALL,1399,1406893390,1836,81,50.0,32.09876543209877,$entropy$la$ld$ns$exp$fix$Buggy,LR,CFS,1.0,0.31,0.92,0.2185602778212965,0,0.8454545454545455,0.20987654320987653
predis,ALL,1399,1406893390,1836,81,50.0,32.09876543209877,$entropy$la$ld$ns$exp$fix$Buggy,RF,CFS,0.62,0.11,0.66,0.2826922536338069,0,0.753146853146853,0.19753086419753085
predis,ALL,1399,1406893390,1836,81,50.0,32.09876543209877,$entropy$la$ld$ns$exp$fix$Buggy,NB,CFS,1.0,0.44,0.86,0.308555686335948,0,0.7818181818181819,0.2962962962962963
predis,ALL,1399,1406893390,1836,81,50.0,32.09876543209877,$entropy$la$ld$ns$exp$fix$Buggy,SVM,CFS,0.62,0.15,0.66,0.29076280614637473,0,0.7349650349650351,0.2222222222222222
predis,6MONTHS,46,1406893390,76,81,50.0,32.09876543209877,$entropy$ns$ld$fix$nf$ndev$age$la$nuc$Buggy,KNN,CFS,0.42,0.11,0.47,0.4151753022114101,0,0.6569930069930071,0.25925925925925924
predis,6MONTHS,46,1406893390,76,81,50.0,32.09876543209877,$entropy$ns$ld$fix$nf$ndev$age$la$nuc$Buggy,DT,CFS,0.23,0.04,0.27,0.5445357152570195,0,0.5972027972027972,0.2716049382716049
predis,6MONTHS,46,1406893390,76,81,50.0,32.09876543209877,$entropy$ns$ld$fix$nf$ndev$age$la$nuc$Buggy,LR,CFS,0.35,0.11,0.4,0.4687299965575541,2,0.6185314685314686,0.2839506172839506
predis,6MONTHS,46,1406893390,76,81,50.0,32.09876543209877,$entropy$ns$ld$fix$nf$ndev$age$la$nuc$Buggy,RF,CFS,0.35,0.04,0.4,0.4630535103791975,0,0.6548951048951049,0.2345679012345679
predis,6MONTHS,46,1406893390,76,81,50.0,32.09876543209877,$entropy$ns$ld$fix$nf$ndev$age$la$nuc$Buggy,NB,CFS,0.69,0.25,0.7,0.2823720459276819,0,0.7188811188811188,0.2716049382716049
predis,6MONTHS,46,1406893390,76,81,50.0,32.09876543209877,$entropy$ns$ld$fix$nf$ndev$age$la$nuc$Buggy,SVM,CFS,0.38,0.09,0.43,0.439865142777868,1,0.6468531468531469,0.25925925925925924
predis,RECENT_RELEASE,1405425273,1406893390,76,81,50.0,32.09876543209877,$ld$ns$nf$fix$entropy$ndev$age$nuc$Buggy,KNN,CFS,0.5,0.13,0.55,0.3648275942876566,0,0.6863636363636364,0.2469135802469136
predis,RECENT_RELEASE,1405425273,1406893390,76,81,50.0,32.09876543209877,$ld$ns$nf$fix$entropy$ndev$age$nuc$Buggy,DT,CFS,0.35,0.07,0.4,0.4651903100332999,1,0.6367132867132868,0.25925925925925924
predis,RECENT_RELEASE,1405425273,1406893390,76,81,50.0,32.09876543209877,$ld$ns$nf$fix$entropy$ndev$age$nuc$Buggy,LR,CFS,0.69,0.16,0.72,0.2464258668617704,1,0.7643356643356644,0.20987654320987653
predis,RECENT_RELEASE,1405425273,1406893390,76,81,50.0,32.09876543209877,$ld$ns$nf$fix$entropy$ndev$age$nuc$Buggy,RF,CFS,0.42,0.05,0.47,0.40976544711454177,1,0.6842657342657342,0.2222222222222222
predis,RECENT_RELEASE,1405425273,1406893390,76,81,50.0,32.09876543209877,$ld$ns$nf$fix$entropy$ndev$age$nuc$Buggy,NB,CFS,0.69,0.25,0.7,0.2823720459276819,0,0.7188811188811188,0.2716049382716049
predis,RECENT_RELEASE,1405425273,1406893390,76,81,50.0,32.09876543209877,$ld$ns$nf$fix$entropy$ndev$age$nuc$Buggy,SVM,CFS,0.46,0.07,0.51,0.3842070305191681,1,0.6944055944055945,0.2222222222222222
predis,ALL,1480,1420206669,1946,58,50.0,12.06896551724138,$entropy$la$ld$ns$exp$fix$Buggy,KNN,CFS,0.43,0.18,0.48,0.4228903408432312,1,0.6260504201680672,0.2241379310344828
predis,ALL,1480,1420206669,1946,58,50.0,12.06896551724138,$entropy$la$ld$ns$exp$fix$Buggy,DT,CFS,0.57,0.16,0.61,0.32270682529770545,4,0.7072829131652659,0.1896551724137931
predis,ALL,1480,1420206669,1946,58,50.0,12.06896551724138,$entropy$la$ld$ns$exp$fix$Buggy,LR,CFS,0.71,0.25,0.72,0.2707468030032047,3,0.7296918767507004,0.25862068965517243
predis,ALL,1480,1420206669,1946,58,50.0,12.06896551724138,$entropy$la$ld$ns$exp$fix$Buggy,RF,CFS,0.29,0.16,0.33,0.5171121746934341,1,0.5644257703081232,0.2241379310344828
predis,ALL,1480,1420206669,1946,58,50.0,12.06896551724138,$entropy$la$ld$ns$exp$fix$Buggy,NB,CFS,0.57,0.29,0.59,0.3675450038425048,3,0.6386554621848739,0.3103448275862069
predis,ALL,1480,1420206669,1946,58,50.0,12.06896551724138,$entropy$la$ld$ns$exp$fix$Buggy,SVM,CFS,0.71,0.16,0.73,0.23047621771119564,1,0.7787114845938377,0.1724137931034483
predis,3MONTHS,81,1420206669,110,58,50.0,12.06896551724138,$entropy$ld$ns$ndev$nf$la$Buggy,KNN,CFS,0.29,0.12,0.33,0.5118812909662162,2,0.5840336134453781,0.1896551724137931
predis,3MONTHS,81,1420206669,110,58,50.0,12.06896551724138,$entropy$ld$ns$ndev$nf$la$Buggy,DT,CFS,0.29,0.18,0.33,0.5202624098206422,1,0.5546218487394957,0.2413793103448276
predis,3MONTHS,81,1420206669,110,58,50.0,12.06896551724138,$entropy$ld$ns$ndev$nf$la$Buggy,LR,CFS,0.57,0.2,0.6,0.33325682336395945,2,0.6876750700280112,0.2241379310344828
predis,3MONTHS,81,1420206669,110,58,50.0,12.06896551724138,$entropy$ld$ns$ndev$nf$la$Buggy,RF,CFS,0.57,0.16,0.61,0.32270682529770545,0,0.7072829131652659,0.1896551724137931
predis,3MONTHS,81,1420206669,110,58,50.0,12.06896551724138,$entropy$ld$ns$ndev$nf$la$Buggy,NB,CFS,0.43,0.22,0.47,0.4318860852451815,3,0.6064425770308124,0.25862068965517243
predis,3MONTHS,81,1420206669,110,58,50.0,12.06896551724138,$entropy$ld$ns$ndev$nf$la$Buggy,SVM,CFS,0.29,0.22,0.33,0.527600535748672,7,0.5350140056022409,0.27586206896551724
predis,6MONTHS,127,1420206669,186,58,50.0,12.06896551724138,$entropy$ns$la$ndev$nf$ld$nuc$Buggy,KNN,CFS,0.29,0.04,0.34,0.5058369063653985,1,0.6232492997198879,0.1206896551724138
predis,6MONTHS,127,1420206669,186,58,50.0,12.06896551724138,$entropy$ns$la$ndev$nf$ld$nuc$Buggy,DT,CFS,0.29,0.06,0.34,0.5067860935567934,2,0.6134453781512604,0.13793103448275862
predis,6MONTHS,127,1420206669,186,58,50.0,12.06896551724138,$entropy$ns$la$ndev$nf$ld$nuc$Buggy,LR,CFS,0.43,0.18,0.48,0.4228903408432312,2,0.6260504201680672,0.2241379310344828
predis,6MONTHS,127,1420206669,186,58,50.0,12.06896551724138,$entropy$ns$la$ndev$nf$ld$nuc$Buggy,RF,CFS,0.14,0.04,0.17,0.6067255341589809,2,0.5518207282913165,0.13793103448275862
predis,6MONTHS,127,1420206669,186,58,50.0,12.06896551724138,$entropy$ns$la$ndev$nf$ld$nuc$Buggy,NB,CFS,0.43,0.22,0.47,0.4318860852451815,3,0.6064425770308124,0.25862068965517243
predis,6MONTHS,127,1420206669,186,58,50.0,12.06896551724138,$entropy$ns$la$ndev$nf$ld$nuc$Buggy,SVM,CFS,0.14,0.08,0.17,0.6086235937551812,4,0.5322128851540616,0.1724137931034483
predis,RECENT_RELEASE,1406893390,1420206669,110,58,50.0,12.06896551724138,$entropy$la$ns$nf$ndev$ld$Buggy,KNN,CFS,0.29,0.12,0.33,0.5118812909662162,2,0.5840336134453781,0.1896551724137931
predis,RECENT_RELEASE,1406893390,1420206669,110,58,50.0,12.06896551724138,$entropy$la$ns$nf$ndev$ld$Buggy,DT,CFS,0.29,0.18,0.33,0.5202624098206422,1,0.5546218487394957,0.2413793103448276
predis,RECENT_RELEASE,1406893390,1420206669,110,58,50.0,12.06896551724138,$entropy$la$ns$nf$ndev$ld$Buggy,LR,CFS,0.57,0.2,0.6,0.33325682336395945,2,0.6876750700280112,0.2241379310344828
predis,RECENT_RELEASE,1406893390,1420206669,110,58,50.0,12.06896551724138,$entropy$la$ns$nf$ndev$ld$Buggy,RF,CFS,0.29,0.14,0.33,0.5143165317899656,5,0.5742296918767508,0.20689655172413796
predis,RECENT_RELEASE,1406893390,1420206669,110,58,50.0,12.06896551724138,$entropy$la$ns$nf$ndev$ld$Buggy,NB,CFS,0.43,0.22,0.47,0.4318860852451815,3,0.6064425770308124,0.25862068965517243
predis,RECENT_RELEASE,1406893390,1420206669,110,58,50.0,12.06896551724138,$entropy$la$ns$nf$ndev$ld$Buggy,SVM,CFS,0.29,0.22,0.33,0.527600535748672,7,0.5350140056022409,0.27586206896551724
predis,ALL,1538,1438255239,2048,81,50.0,23.456790123456788,$entropy$la$ld$ns$exp$lt$Buggy,KNN,CFS,0.53,0.44,0.54,0.4549851278750702,0,0.545415959252971,0.4444444444444444
predis,ALL,1538,1438255239,2048,81,50.0,23.456790123456788,$entropy$la$ld$ns$exp$lt$Buggy,DT,CFS,0.42,0.27,0.46,0.4529691807279879,0,0.5734295415959253,0.34567901234567894
predis,ALL,1538,1438255239,2048,81,50.0,23.456790123456788,$entropy$la$ld$ns$exp$lt$Buggy,LR,CFS,0.68,0.45,0.65,0.3896647315640666,0,0.6162988115449914,0.41975308641975306
predis,ALL,1538,1438255239,2048,81,50.0,23.456790123456788,$entropy$la$ld$ns$exp$lt$Buggy,RF,CFS,0.58,0.34,0.59,0.3821057210622998,0,0.620118845500849,0.3580246913580247
predis,ALL,1538,1438255239,2048,81,50.0,23.456790123456788,$entropy$la$ld$ns$exp$lt$Buggy,NB,CFS,0.84,0.55,0.72,0.4035214714428877,0,0.6468590831918506,0.4567901234567901
predis,ALL,1538,1438255239,2048,81,50.0,23.456790123456788,$entropy$la$ld$ns$exp$lt$Buggy,SVM,CFS,0.63,0.37,0.63,0.3696965901782652,0,0.6303056027164686,0.3703703703703704
predis,6MONTHS,58,1438255239,102,81,50.0,23.456790123456788,$entropy$ld$nf$la$ns$exp$Buggy,KNN,CFS,0.47,0.06,0.52,0.3749470903705045,0,0.7045840407470289,0.1728395061728395
predis,6MONTHS,58,1438255239,102,81,50.0,23.456790123456788,$entropy$ld$nf$la$ns$exp$Buggy,DT,CFS,0.37,0.13,0.42,0.4558186538417612,0,0.6196943972835315,0.2469135802469136
predis,6MONTHS,58,1438255239,102,81,50.0,23.456790123456788,$entropy$ld$nf$la$ns$exp$Buggy,LR,CFS,0.58,0.24,0.61,0.3433788701386823,0,0.6685059422750425,0.2839506172839506
predis,6MONTHS,58,1438255239,102,81,50.0,23.456790123456788,$entropy$ld$nf$la$ns$exp$Buggy,RF,CFS,0.21,0.1,0.25,0.5624206355557566,0,0.5568760611205432,0.25925925925925924
predis,6MONTHS,58,1438255239,102,81,50.0,23.456790123456788,$entropy$ld$nf$la$ns$exp$Buggy,NB,CFS,0.74,0.48,0.68,0.3894760525281651,0,0.6264855687606112,0.4320987654320987
predis,6MONTHS,58,1438255239,102,81,50.0,23.456790123456788,$entropy$ld$nf$la$ns$exp$Buggy,SVM,CFS,0.47,0.08,0.52,0.37650494836645215,0,0.6965195246179966,0.1851851851851852
predis,RECENT_RELEASE,1420206669,1438255239,102,81,50.0,23.456790123456788,$entropy$ld$nf$la$ns$exp$Buggy,KNN,CFS,0.58,0.08,0.63,0.3031410237819181,0,0.7491511035653651,0.16049382716049382
predis,RECENT_RELEASE,1420206669,1438255239,102,81,50.0,23.456790123456788,$entropy$ld$nf$la$ns$exp$Buggy,DT,CFS,0.37,0.1,0.42,0.4518059380397426,0,0.6358234295415959,0.2222222222222222
predis,RECENT_RELEASE,1420206669,1438255239,102,81,50.0,23.456790123456788,$entropy$ld$nf$la$ns$exp$Buggy,LR,CFS,0.58,0.24,0.61,0.3433788701386823,0,0.6685059422750425,0.2839506172839506
predis,RECENT_RELEASE,1420206669,1438255239,102,81,50.0,23.456790123456788,$entropy$ld$nf$la$ns$exp$Buggy,RF,CFS,0.53,0.34,0.55,0.4117650889035291,0,0.5938030560271647,0.3703703703703704
predis,RECENT_RELEASE,1420206669,1438255239,102,81,50.0,23.456790123456788,$entropy$ld$nf$la$ns$exp$Buggy,NB,CFS,0.68,0.48,0.64,0.4085670722863431,0,0.6001697792869269,0.4444444444444444
predis,RECENT_RELEASE,1420206669,1438255239,102,81,50.0,23.456790123456788,$entropy$ld$nf$la$ns$exp$Buggy,SVM,CFS,0.47,0.08,0.52,0.37650494836645215,0,0.6965195246179966,0.1851851851851852
predis,ALL,1622,1464629152,2178,114,50.0,26.315789473684212,$entropy$la$ld$ns$lt$exp$Buggy,KNN,CFS,0.47,0.14,0.52,0.39041811414799293,0,0.6619047619047621,0.2456140350877193
predis,ALL,1622,1464629152,2178,114,50.0,26.315789473684212,$entropy$la$ld$ns$lt$exp$Buggy,DT,CFS,0.27,0.27,0.31,0.5535112614511903,0,0.4964285714285714,0.3947368421052632
predis,ALL,1622,1464629152,2178,114,50.0,26.315789473684212,$entropy$la$ld$ns$lt$exp$Buggy,LR,CFS,0.87,0.14,0.87,0.13817731550997053,0,0.8619047619047621,0.14035087719298245
predis,ALL,1622,1464629152,2178,114,50.0,26.315789473684212,$entropy$la$ld$ns$lt$exp$Buggy,RF,CFS,0.5,0.21,0.54,0.384654629081036,2,0.6428571428571429,0.2894736842105263
predis,ALL,1622,1464629152,2178,114,50.0,26.315789473684212,$entropy$la$ld$ns$lt$exp$Buggy,NB,CFS,0.87,0.21,0.85,0.17846028287089055,0,0.8261904761904761,0.19298245614035087
predis,ALL,1622,1464629152,2178,114,50.0,26.315789473684212,$entropy$la$ld$ns$lt$exp$Buggy,SVM,CFS,0.5,0.1,0.55,0.35990991566264224,0,0.7023809523809524,0.20175438596491227
